0.26694	0.023405	-0.0031915	-0.070294	0.0040311	-0.0022359	0.0034855	-8.6582e-05	0.00060272	-0.0031184	0.0064076	-0.0041687	0.0014857	0.00036144	-0.0050751	0.00056729	-0.00043052	-0.00015617	0.0098245	-0.0026489	-0.0039568	-0.004034	0.0031988	0.0074198	0.0017711	0.012949	-0.0092172	-0.00884	-0.10502	-0.095965
0.023405	1.3104	-0.12231	-0.0028609	-0.0017349	-0.0074299	-0.13604	-0.0013529	-0.035726	0.023817	-0.0011885	0.028166	0.0071733	-0.012181	0.011402	-0.0079374	-0.0024863	0.0086871	-0.012598	0.023731	-0.021536	0.076303	0.00044845	0.010765	-0.023344	-0.49385	-0.075731	0.00806	0.029522	-0.56775
-0.0031915	-0.12231	0.45414	-0.054914	0.002913	-0.090443	-0.059912	-0.0038399	-0.016377	-0.014441	0.020522	0.0039982	0.0052377	0.0029949	-0.0086356	0.0014788	-0.01205	0.0037326	0.01728	-0.0060749	0.0055697	-0.002265	0.0013159	0.0018856	-0.012094	-0.028853	-0.0093691	0.01011	-0.024768	-0.024705
-0.070294	-0.0028609	-0.054914	0.41801	-0.13116	-0.045805	-0.0063273	-0.031932	-0.030025	0.0043641	-0.0021476	0.013048	0.010829	0.0032579	-0.003516	0.0006367	0.0013377	0.0030905	-0.00727	0.0028767	0.002733	-0.0015154	-0.0036833	0.006349	-0.0035986	0.0020723	0.010967	0.011618	0.0039077	-0.03078
0.0040311	-0.0017349	0.002913	-0.13116	0.35251	-0.069283	0.00081461	-0.034881	-0.011788	0.00065814	0.0035071	0.0029234	-0.021046	0.0041839	0.0048223	-0.0027549	0.0010172	0.0070535	-5.9237e-05	-0.0021355	-0.0048257	0.0053733	-0.005715	-0.048644	0.0045926	0.018089	-0.0018609	0.012015	0.0061184	0.0010177
-0.0022359	-0.0074299	-0.090443	-0.045805	-0.069283	0.44906	-0.049928	-0.03748	-0.090148	-0.0041895	0.0081233	0.005607	0.0089353	0.0042955	-0.0081437	0.0062718	0.0082756	-0.0034857	-0.00075375	-0.0032147	-0.0061204	-0.010256	-0.003678	0.008987	-0.020314	0.00062358	0.015965	0.0019433	-0.0011235	-0.011984
0.0034855	-0.13604	-0.059912	-0.0063273	0.00081461	-0.049928	0.42272	0.0023976	0.025923	-0.04401	-0.08354	-0.057925	0.00027762	-0.012976	0.049581	-0.0065306	0.067393	-0.011635	-0.047874	0.030162	-0.13151	-0.010643	-0.0021339	0.0010852	0.072408	0.10841	-0.094348	-0.033684	0.018727	0.023899
-8.6582e-05	-0.0013529	-0.0038399	-0.031932	-0.034881	-0.03748	0.0023976	0.24129	-0.056456	-0.0050474	-0.0021135	0.0058072	-0.025236	0.0049968	-0.00042971	-0.001612	-0.00074032	-0.004531	-0.00053489	0.0016594	9.1746e-05	0.0026508	-0.0045614	-0.01503	0.00072541	-0.0007762	-0.0034471	0.0013462	0.0028177	0.0034378
0.00060272	-0.035726	-0.016377	-0.030025	-0.011788	-0.090148	0.025923	-0.056456	0.72746	-0.05178	0.037487	-0.313	-0.15774	0.032538	0.012549	-0.0071205	0.0036813	-0.0034647	-0.0065154	-0.0016046	-0.017645	-0.025015	0.0002974	0.0022513	0.0020632	-0.0079082	0.015921	-0.01331	0.014883	0.0080724
-0.0031184	0.023817	-0.014441	0.0043641	0.00065814	-0.0041895	-0.04401	-0.0050474	-0.05178	0.4693	-0.047865	-0.11956	0.014309	-0.0068314	0.019007	-0.0083775	-0.044125	0.021605	-0.034096	-0.050439	-0.090402	0.043111	0.002332	0.0036254	-0.023027	-0.0076933	-0.010832	0.01168	-0.0011392	-0.0033966
0.0064076	-0.0011885	0.020522	-0.0021476	0.0035071	0.0081233	-0.08354	-0.0021135	0.037487	-0.047865	0.70015	-0.24035	0.023028	-0.036368	-0.00047759	-0.03722	-0.18393	0.0035014	-0.0054996	-0.087447	-0.097647	-0.0041674	0.00249	0.011265	0.0065632	0.071477	-0.018142	0.0057054	-0.0090377	0.0071602
-0.0041687	0.028166	0.0039982	0.013048	0.0029234	0.005607	-0.057925	0.0058072	-0.313	-0.11956	-0.24035	0.97882	-0.061125	-0.10198	-0.077524	0.050563	-0.06774	0.013457	0.023499	-0.07677	0.01239	0.023788	-0.00019882	-0.0046954	0.0040888	0.010078	0.0085262	0.0061576	0.00019485	-0.0074467
0.0014857	0.0071733	0.0052377	0.010829	-0.021046	0.0089353	0.00027762	-0.025236	-0.15774	0.014309	0.023028	-0.061125	0.36301	-0.096057	0.004945	0.0033093	0.0084737	-0.027537	-0.0023468	0.0049952	0.00097399	0.0064896	-0.0016983	0.0092955	-0.00089945	-0.00039365	-0.0020609	-0.0016117	-0.0017632	-0.0026519
0.00036144	-0.012181	0.0029949	0.0032579	0.0041839	0.0042955	-0.012976	0.0049968	0.032538	-0.0068314	-0.036368	-0.10198	-0.096057	0.51844	-0.36693	0.02241	0.037037	0.025819	-0.0072691	0.024831	0.020511	-0.0069875	0.00068008	0.0089162	0.0045887	0.0073929	-0.0024803	-0.00034409	-0.0017612	0.0086394
-0.0050751	0.011402	-0.0086356	-0.003516	0.0048223	-0.0081437	0.049581	-0.00042971	0.012549	0.019007	-0.00047759	-0.077524	0.004945	-0.36693	0.89908	-0.36984	-0.064942	-0.0091717	0.025698	-0.04043	-0.0071776	0.010695	0.0028178	-0.0014331	0.0075793	-0.020242	0.0043772	-0.00072395	-1.6349e-05	-0.012689
0.00056729	-0.0079374	0.0014788	0.0006367	-0.0027549	0.0062718	-0.0065306	-0.001612	-0.0071205	-0.0083775	-0.03722	0.050563	0.0033093	0.02241	-0.36984	0.56189	-0.081546	-0.090645	0.005664	0.024756	0.0099357	0.014523	0.0047976	-0.0023288	-0.01678	-0.0065167	0.0092225	0.010838	-0.0058002	0.0062613
-0.00043052	-0.0024863	-0.01205	0.0013377	0.0010172	0.0082756	0.067393	-0.00074032	0.0036813	-0.044125	-0.18393	-0.06774	0.0084737	0.037037	-0.064942	-0.081546	1.0516	-0.1243	-0.19908	-0.3102	0.041941	-0.090671	-0.00059396	0.0086816	0.037413	-0.014792	-0.017699	-0.013286	0.0067505	0.002438
-0.00015617	0.0086871	0.0037326	0.0030905	0.0070535	-0.0034857	-0.011635	-0.004531	-0.0034647	0.021605	0.0035014	0.013457	-0.027537	0.025819	-0.0091717	-0.090645	-0.1243	0.48416	-0.17212	0.019802	-0.011469	0.042306	-0.037114	-0.02938	0.0076365	0.011284	-0.016097	0.0078128	-9.6926e-05	0.0049993
0.0098245	-0.012598	0.01728	-0.00727	-5.9237e-05	-0.00075375	-0.047874	-0.00053489	-0.0065154	-0.034096	-0.0054996	0.023499	-0.0023468	-0.0072691	0.025698	0.005664	-0.19908	-0.17212	0.80784	-0.015246	0.033192	-0.30686	-0.040633	-0.011857	-0.068884	0.095662	0.0096152	-0.021815	0.0024393	-0.0065301
-0.0026489	0.023731	-0.0060749	0.0028767	-0.0021355	-0.0032147	0.030162	0.0016594	-0.0016046	-0.050439	-0.087447	-0.07677	0.0049952	0.024831	-0.04043	0.024756	-0.3102	0.019802	-0.015246	1.0692	-0.29113	-0.23584	0.002537	-0.01012	0.013886	-0.087645	0.023402	0.0073769	0.00012391	-0.0033497
-0.0039568	-0.021536	0.0055697	0.002733	-0.0048257	-0.0061204	-0.13151	9.1746e-05	-0.017645	-0.090402	-0.097647	0.01239	0.00097399	0.020511	-0.0071776	0.0099357	0.041941	-0.011469	0.033192	-0.29113	0.84014	0.026617	6.7877e-05	-0.00090174	0.0044227	-0.34006	0.052117	-0.0072308	0.0042757	0.012468
-0.004034	0.076303	-0.002265	-0.0015154	0.0053733	-0.010256	-0.010643	0.0026508	-0.025015	0.043111	-0.0041674	0.023788	0.0064896	-0.0069875	0.010695	0.014523	-0.090671	0.042306	-0.30686	-0.23584	0.026617	0.97607	-0.016164	0.0030415	-0.14375	-0.31146	-0.012819	0.0059816	0.00029605	-0.0084022
0.0031988	0.00044845	0.0013159	-0.0036833	-0.005715	-0.003678	-0.0021339	-0.0045614	0.0002974	0.002332	0.00249	-0.00019882	-0.0016983	0.00068008	0.0028178	0.0047976	-0.00059396	-0.037114	-0.040633	0.002537	6.7877e-05	-0.016164	0.24164	-0.033227	-0.039908	-0.0012463	0.0044708	-0.022562	0.0017753	-0.00062435
0.0074198	0.010765	0.0018856	0.006349	-0.048644	0.008987	0.0010852	-0.01503	0.0022513	0.0036254	0.011265	-0.0046954	0.0092955	0.0089162	-0.0014331	-0.0023288	0.0086816	-0.02938	-0.011857	-0.01012	-0.00090174	0.0030415	-0.033227	0.33144	-0.062011	0.010326	-0.022491	-0.10362	0.0083811	0.0088627
0.0017711	-0.023344	-0.012094	-0.0035986	0.0045926	-0.020314	0.072408	0.00072541	0.0020632	-0.023027	0.0065632	0.0040888	-0.00089945	0.0045887	0.0075793	-0.01678	0.037413	0.0076365	-0.068884	0.013886	0.0044227	-0.14375	-0.039908	-0.062011	0.5585	-0.085929	-0.049609	-0.096805	-0.0091596	-0.013974
0.012949	-0.49385	-0.028853	0.0020723	0.018089	0.00062358	0.10841	-0.0007762	-0.0079082	-0.0076933	0.071477	0.010078	-0.00039365	0.0073929	-0.020242	-0.0065167	-0.014792	0.011284	0.095662	-0.087645	-0.34006	-0.31146	-0.0012463	0.010326	-0.085929	1.1247	-0.14233	0.037623	0.0069252	0.071409
-0.0092172	-0.075731	-0.0093691	0.010967	-0.0018609	0.015965	-0.094348	-0.0034471	0.015921	-0.010832	-0.018142	0.0085262	-0.0020609	-0.0024803	0.0043772	0.0092225	-0.017699	-0.016097	0.0096152	0.023402	0.052117	-0.012819	0.0044708	-0.022491	-0.049609	-0.14233	0.50659	-0.070087	-0.021048	-0.057068
-0.00884	0.00806	0.01011	0.011618	0.012015	0.0019433	-0.033684	0.0013462	-0.01331	0.01168	0.0057054	0.0061576	-0.0016117	-0.00034409	-0.00072395	0.010838	-0.013286	0.0078128	-0.021815	0.0073769	-0.0072308	0.0059816	-0.022562	-0.10362	-0.096805	0.037623	-0.070087	0.41111	-0.071234	-0.024147
-0.10502	0.029522	-0.024768	0.0039077	0.0061184	-0.0011235	0.018727	0.0028177	0.014883	-0.0011392	-0.0090377	0.00019485	-0.0017632	-0.0017612	-1.6349e-05	-0.0058002	0.0067505	-9.6926e-05	0.0024393	0.00012391	0.0042757	0.00029605	0.0017753	0.0083811	-0.0091596	0.0069252	-0.021048	-0.071234	0.27259	-0.11565
-0.095965	-0.56775	-0.024705	-0.03078	0.0010177	-0.011984	0.023899	0.0034378	0.0080724	-0.0033966	0.0071602	-0.0074467	-0.0026519	0.0086394	-0.012689	0.0062613	0.002438	0.0049993	-0.0065301	-0.0033497	0.012468	-0.0084022	-0.00062435	0.0088627	-0.013974	0.071409	-0.057068	-0.024147	-0.11565	0.87316
