0.4243	-0.0062733	-0.058448	-0.13607	-0.010757	0.0036598	0.018691	0.024445	0.0064124	0.0012689	-0.011548	0.0020489	-0.0016319	0.0017745	-0.0048651	0.003285	-0.0056402	0.0038096	0.0050122	0.0048531	-0.003738	0.0029083	0.012119	0.017583	0.02428	0.010751	0.021812	-0.16684	-0.1241
-0.0062733	1.5549	-0.20447	0.024239	-0.017705	-0.013965	-0.29547	-0.041767	0.0025114	0.026518	0.042819	0.019578	-0.00011584	-0.011086	0.014588	-0.062382	0.018456	0.0018745	0.021208	-0.13055	-0.01646	-0.00012567	-0.0027392	-0.0070636	-0.31413	-0.14376	-0.0034521	0.0060534	-0.43455
-0.058448	-0.20447	0.93968	-0.10593	-0.014611	-0.18705	-0.14491	-0.15151	0.0059864	0.058284	0.051839	0.0089888	-0.031733	-0.00074069	0.015846	-0.071495	0.0095534	-0.0010665	0.0097873	0.014594	0.048768	0.00065018	0.0042515	0.0083377	-0.026456	-0.014648	0.0049744	0.015531	-0.14831
-0.13607	0.024239	-0.10593	0.71395	-0.22437	-0.27098	-0.022678	0.028188	-0.05076	-0.0029193	-0.010775	-0.0031116	0.022981	0.025897	-0.013158	0.056439	-0.0018466	-0.0097259	0.0017062	0.0086988	-0.020559	-0.0069427	0.0051056	-0.01493	0.014131	0.0082297	0.070828	0.036768	-0.025695
-0.010757	-0.017705	-0.014611	-0.22437	0.61014	-0.063138	0.070615	-0.032331	-0.11972	-0.04017	0.042388	0.010654	0.024102	-0.027248	0.015847	-0.030947	0.031973	0.016551	-0.0084605	0.0052801	0.021804	0.002465	-0.045452	0.015587	-0.012252	0.0065403	0.0025339	0.021683	-0.01542
0.0036598	-0.013965	-0.18705	-0.27098	-0.063138	1.0607	-0.11935	-0.27748	-0.076176	-0.12566	0.0083643	0.021466	0.038796	0.0083273	0.0068076	-0.015792	0.0063869	0.016809	0.019004	0.027205	-0.0060987	0.0036803	0.008254	-0.02371	0.011377	0.001554	-0.017287	0.019105	0.014628
0.018691	-0.29547	-0.14491	-0.022678	0.070615	-0.11935	1.2379	-0.22986	-0.011721	-0.030886	-0.25235	0.0081554	0.06147	0.038111	-0.035499	0.19454	-0.041873	-0.0054376	0.011238	-0.25654	-0.034231	0.0025275	0.010648	0.0075928	-0.12282	-0.021153	-0.001237	0.022592	-0.016119
0.024445	-0.041767	-0.15151	0.028188	-0.032331	-0.27748	-0.22986	1.6162	-0.037996	-0.30866	-0.33465	0.01484	-0.14351	0.01584	0.055448	-0.11218	0.02175	0.013663	-0.010371	-0.077277	0.04744	-0.0031469	-0.0024974	0.00027304	-0.046811	0.021696	-0.0033242	0.0079025	0.0054092
0.0064124	0.0025114	0.0059864	-0.05076	-0.11972	-0.076176	-0.011721	-0.037996	0.63447	-0.19283	0.00083068	0.0050277	0.012021	-0.049434	0.015307	0.010054	0.0187	-0.0019171	0.0025678	-0.0011989	0.002319	-0.0080872	0.0033389	-0.00090515	0.0068878	0.00073116	-0.0075364	0.00091498	0.0012004
0.0012689	0.026518	0.058284	-0.0029193	-0.04017	-0.12566	-0.030886	-0.30866	-0.19283	1.4986	-0.26225	0.015195	-0.39268	-0.23115	0.026617	0.064679	0.0011977	-0.036394	0.036045	0.037055	-0.048262	-0.0062501	0.020472	-0.0032485	0.024976	-0.0058753	-0.0051985	-0.00016962	0.012075
-0.011548	0.042819	0.051839	-0.010775	0.042388	0.0083643	-0.25235	-0.33465	0.00083068	-0.26225	2.0168	-0.38302	-0.39979	0.063659	-0.0028074	0.1631	-0.015446	-0.0017577	-0.35455	-0.34482	-0.046655	0.0073299	0.015926	-0.0077161	0.035797	0.014348	0.0025984	-0.012846	0.058795
0.0020489	0.019578	0.0089888	-0.0031116	0.010654	0.021466	0.0081554	0.01484	0.0050277	0.015195	-0.38302	1.5519	-0.40114	0.019215	-0.12798	-0.3605	0.035139	0.017622	-0.3948	-0.057278	0.024443	0.0058885	0.0061621	0.013991	0.044438	-0.00030468	-0.0062176	0.0019291	-0.02843
-0.0016319	-0.00011584	-0.031733	0.022981	0.024102	0.038796	0.06147	-0.14351	0.012021	-0.39268	-0.39979	-0.40114	1.5718	-0.25954	-0.11028	-0.12654	0.039589	-0.016923	0.026716	0.078566	0.027007	0.012803	0.012013	0.0095672	-0.0057864	0.001992	0.00031282	-0.00077287	0.00314
0.0017745	-0.011086	-0.00074069	0.025897	-0.027248	0.0083273	0.038111	0.01584	-0.049434	-0.23115	0.063659	0.019215	-0.25954	0.65349	-0.080088	-0.0070526	0.0268	0.024944	0.0095026	0.0084589	0.011947	0.0057192	0.005009	0.010015	-0.0082787	-0.00075804	0.0083721	-0.0035964	-0.012406
-0.0048651	0.014588	0.015846	-0.013158	0.015847	0.0068076	-0.035499	0.055448	0.015307	0.026617	-0.0028074	-0.12798	-0.11028	-0.080088	0.56514	-0.13799	-0.15239	0.027862	0.029671	0.011788	0.0099527	0.0099568	0.005756	0.0028031	0.0096968	0.00016146	-0.00012091	-0.0026643	0.0062583
0.003285	-0.062382	-0.071495	0.056439	-0.030947	-0.015792	0.19454	-0.11218	0.010054	0.064679	0.1631	-0.3605	-0.12654	-0.0070526	-0.13799	1.3547	-0.16749	-0.35786	-0.45438	0.074391	0.0057703	-0.002151	-0.0049016	0.04138	-0.031243	0.0072629	0.012389	0.002098	-0.025064
-0.0056402	0.018456	0.0095534	-0.0018466	0.031973	0.0063869	-0.041873	0.02175	0.0187	0.0011977	-0.015446	0.035139	0.039589	0.0268	-0.15239	-0.16749	0.72497	-0.23162	0.029424	-0.003014	-0.00090677	-0.037286	-0.0023445	0.0098644	0.017728	0.00061934	0.021728	0.0052309	-0.0010206
0.0038096	0.0018745	-0.0010665	-0.0097259	0.016551	0.016809	-0.0054376	0.013663	-0.0019171	-0.036394	-0.0017577	0.017622	-0.016923	0.024944	0.027862	-0.35786	-0.23162	1.4011	-0.12259	0.037638	-0.36437	-0.16464	-0.020775	-0.10888	0.010359	0.017597	-0.0039694	0.0056691	0.014255
0.0050122	0.021208	0.0097873	0.0017062	-0.0084605	0.019004	0.011238	-0.010371	0.0025678	0.036045	-0.35455	-0.3948	0.026716	0.0095026	0.029671	-0.45438	0.029424	-0.12259	2.0276	-0.36586	-0.37062	0.0040574	0.0085557	-0.0041888	-0.12013	-0.00077311	0.020041	-0.0054344	-0.00092156
0.0048531	-0.13055	0.014594	0.0086988	0.0052801	0.027205	-0.25654	-0.077277	-0.0011989	0.037055	-0.34482	-0.057278	0.078566	0.0084589	0.011788	0.074391	-0.003014	0.037638	-0.36586	1.2249	-0.077411	-0.00018087	0.0037556	-0.001419	-0.20543	-0.0080963	0.01928	0.0094307	0.014501
-0.003738	-0.01646	0.048768	-0.020559	0.021804	-0.0060987	-0.034231	0.04744	0.002319	-0.048262	-0.046655	0.024443	0.027007	0.011947	0.0099527	0.0057703	-0.00090677	-0.36437	-0.37062	-0.077411	1.3777	-0.032498	0.0013402	-0.21038	-0.21836	-0.097081	0.0027666	0.015302	0.0087575
0.0029083	-0.00012567	0.00065018	-0.0069427	0.002465	0.0036803	0.0025275	-0.0031469	-0.0080872	-0.0062501	0.0073299	0.0058885	0.012803	0.0057192	0.0099568	-0.002151	-0.037286	-0.16464	0.0040574	-0.00018087	-0.032498	0.61136	-0.10955	-0.10504	0.0066019	0.00022123	-0.038241	0.001844	-0.0039015
0.012119	-0.0027392	0.0042515	0.0051056	-0.045452	0.008254	0.010648	-0.0024974	0.0033389	0.020472	0.015926	0.0061621	0.012013	0.005009	0.005756	-0.0049016	-0.0023445	-0.020775	0.0085557	0.0037556	0.0013402	-0.10955	0.53953	-0.038149	0.014652	-0.0033549	-0.19609	-0.014332	-0.0088015
0.017583	-0.0070636	0.0083377	-0.01493	0.015587	-0.02371	0.0075928	0.00027304	-0.00090515	-0.0032485	-0.0077161	0.013991	0.0095672	0.010015	0.0028031	0.04138	0.0098644	-0.10888	-0.0041888	-0.001419	-0.21038	-0.10504	-0.038149	0.96961	-0.08561	-0.18073	-0.2233	-0.009288	0.0012504
0.02428	-0.31413	-0.026456	0.014131	-0.012252	0.011377	-0.12282	-0.046811	0.0068878	0.024976	0.035797	0.044438	-0.0057864	-0.0082787	0.0096968	-0.031243	0.017728	0.010359	-0.12013	-0.20543	-0.21836	0.0066019	0.014652	-0.08561	1.1866	-0.15345	0.0034251	0.018881	-0.048453
0.010751	-0.14376	-0.014648	0.0082297	0.0065403	0.001554	-0.021153	0.021696	0.00073116	-0.0058753	0.014348	-0.00030468	0.001992	-0.00075804	0.00016146	0.0072629	0.00061934	0.017597	-0.00077311	-0.0080963	-0.097081	0.00022123	-0.0033549	-0.18073	-0.15345	0.89558	-0.10972	-0.076934	-0.13616
0.021812	-0.0034521	0.0049744	0.070828	0.0025339	-0.017287	-0.001237	-0.0033242	-0.0075364	-0.0051985	0.0025984	-0.0062176	0.00031282	0.0083721	-0.00012091	0.012389	0.021728	-0.0039694	0.020041	0.01928	0.0027666	-0.038241	-0.19609	-0.2233	0.0034251	-0.10972	0.65897	-0.12776	-0.021237
-0.16684	0.0060534	0.015531	0.036768	0.021683	0.019105	0.022592	0.0079025	0.00091498	-0.00016962	-0.012846	0.0019291	-0.00077287	-0.0035964	-0.0026643	0.002098	0.0052309	0.0056691	-0.0054344	0.0094307	0.015302	0.001844	-0.014332	-0.009288	0.018881	-0.076934	-0.12776	0.43248	-0.14319
-0.1241	-0.43455	-0.14831	-0.025695	-0.01542	0.014628	-0.016119	0.0054092	0.0012004	0.012075	0.058795	-0.02843	0.00314	-0.012406	0.0062583	-0.025064	-0.0010206	0.014255	-0.00092156	0.014501	0.0087575	-0.0039015	-0.0088015	0.0012504	-0.048453	-0.13616	-0.021237	-0.14319	1.085
