0.32601	-0.0051663	-0.054572	-0.072345	-0.022006	-0.013256	0.024202	-0.011941	-0.0045339	0.001001	0.0073257	0.0040092	0.0021836	-0.00012583	-0.0022001	0.0024553	-0.0026798	-0.010978	0.0028291	-0.0049147	0.0027099	0.011329	0.0085418	0.034665	0.0086404	0.03025	0.01297	-0.00062656	-0.10839	-0.14963
-0.0051663	1.0732	-0.15874	-0.011915	-0.003548	-0.014886	-0.15257	-0.0062623	0.016248	0.0084002	-0.0031187	0.0070738	0.0018238	-0.0072614	0.016339	-0.0070611	0.010964	0.014013	0.0050582	0.014081	-0.10633	-0.033759	-0.00018033	0.0085505	0.016594	-0.20678	-0.1337	-0.0098875	-0.006594	-0.26494
-0.054572	-0.15874	0.72849	-0.059439	-0.036638	-0.083496	-0.18944	-0.075524	-0.014927	0.011093	0.027051	0.0025519	-0.0030324	-0.0023359	0.0048051	-0.0049102	-0.00029119	-0.0076493	-0.0016437	-0.0070615	0.027893	0.010725	6.0236e-05	-0.0091736	0.010698	-0.017613	-0.0052725	0.022845	0.011982	-0.12404
-0.072345	-0.011915	-0.059439	0.42573	-0.10996	-0.074313	-0.00013295	0.011719	-0.047703	-0.035461	-0.007361	0.020839	0.0015874	0.0021455	0.0044464	-0.0027523	0.0011727	-0.0027666	0.00051196	0.0067468	0.00078925	-0.0041161	-0.0016186	-0.01564	0.0054272	0.011399	-0.0098499	0.043706	0.010482	-0.034277
-0.022006	-0.003548	-0.036638	-0.10996	0.37925	-0.0086889	0.013155	0.013085	-0.052725	-0.026301	0.0027965	0.00046381	0.0094108	0.0090439	-0.0037114	0.0034326	0.0038529	0.020845	0.001669	-0.00028954	0.0076255	-0.012145	-0.0017787	-0.015029	0.0022619	-0.013877	0.01626	0.0065735	0.014334	0.01418
-0.013256	-0.014886	-0.083496	-0.074313	-0.0086889	0.423	-0.025267	-0.063987	-0.055352	-0.034461	-0.010541	-0.0036618	0.0050938	0.0053492	0.0033306	-0.0004354	0.0034128	0.0026082	0.0002063	-0.0010504	0.0042317	0.0020997	0.00010112	0.0043628	-0.01978	-0.0088582	0.0077506	0.0069125	0.0049466	0.010028
0.024202	-0.15257	-0.18944	-0.00013295	0.013155	-0.025267	0.8448	-0.13311	-0.023365	-7.3291e-06	-0.098326	-0.011318	0.0082053	0.0086661	0.00054718	-0.0026203	0.0076788	0.0024626	0.0039197	0.0040801	-0.17257	0.0096911	-0.0014622	-0.0039722	-0.024507	-0.031306	-0.036436	0.022229	0.0078296	-0.024456
-0.011941	-0.0062623	-0.075524	0.011719	0.013085	-0.063987	-0.13311	0.666	-0.0047673	-0.1783	-0.14875	-0.0021306	0.012374	0.0072411	-0.0017131	0.0036723	0.022644	0.0016937	-0.0012223	-0.003463	-0.070945	-0.016457	-0.001306	-0.0010537	0.0019343	-0.00048053	0.019065	-0.00055987	0.0028	0.027955
-0.0045339	0.016248	-0.014927	-0.047703	-0.052725	-0.055352	-0.023365	-0.0047673	0.40372	0.010263	0.0024664	-0.027659	-0.029522	0.0021711	-0.0025119	0.0029574	0.0026317	0.011193	-0.0029665	0.0089602	-0.015359	-0.012494	-5.4211e-05	0.0018757	0.0091296	-0.012167	0.018558	-0.012222	0.0060409	0.0017334
0.001001	0.0084002	0.011093	-0.035461	-0.026301	-0.034461	-7.3291e-06	-0.1783	0.010263	0.70079	-0.11313	-0.16608	-0.11704	0.0040068	0.0093689	-0.0025146	0.010312	0.0015889	-0.017932	0.029829	0.033196	-0.0064166	-2.331e-05	-0.0050304	0.0044342	-0.010245	0.0092782	-0.0015487	0.0058841	-0.0098482
0.0073257	-0.0031187	0.027051	-0.007361	0.0027965	-0.010541	-0.098326	-0.14875	0.0024664	-0.11313	1.0792	-0.25421	0.012347	0.0086231	-0.035703	0.018436	-0.082975	0.022824	0.0043829	-0.19624	-0.17312	0.010015	0.0032805	0.011467	-0.010643	-0.026019	0.037741	-0.0036408	-0.0046823	-0.0064195
0.0040092	0.0070738	0.0025519	0.020839	0.00046381	-0.0036618	-0.011318	-0.0021306	-0.027659	-0.16608	-0.25421	0.82322	-0.10264	-0.076176	-0.052516	0.01378	-0.086684	-0.015446	0.017297	-0.057934	-0.012859	0.0098524	0.011113	0.013733	-0.00028003	0.026591	-0.0081199	0.002236	-0.0018867	-0.0014542
0.0021836	0.0018238	-0.0030324	0.0015874	0.0094108	0.0050938	0.0082053	0.012374	-0.029522	-0.11704	0.012347	-0.10264	0.45148	-0.093326	0.007014	0.0026925	0.0061368	0.0099216	0.0077759	0.008343	-0.0020164	-0.0028093	0.013702	0.027709	0.010706	-0.0038513	0.0011362	-0.0042935	-0.0032489	0.0019033
-0.00012583	-0.0072614	-0.0023359	0.0021455	0.0090439	0.0053492	0.0086661	0.0072411	0.0021711	0.0040068	0.0086231	-0.076176	-0.093326	0.32648	-0.21964	0.053058	0.0092316	0.0073414	0.0031469	0.0044058	0.009306	-0.0040257	0.0044576	0.0015588	0.0063532	0.00012239	-0.001317	-0.00033746	-0.00078818	0.0004011
-0.0022001	0.016339	0.0048051	0.0044464	-0.0037114	0.0033306	0.00054718	-0.0017131	-0.0025119	0.0093689	-0.035703	-0.052516	0.007014	-0.21964	0.74194	-0.35024	-0.033703	0.030673	-0.0099553	-0.018486	-0.020266	0.021358	0.0024136	-0.0015746	-0.011328	0.0074974	-0.0036662	0.0030254	0.00062157	-0.0042565
0.0024553	-0.0070611	-0.0049102	-0.0027523	0.0034326	-0.0004354	-0.0026203	0.0036723	0.0029574	-0.0025146	0.018436	0.01378	0.0026925	0.053058	-0.35024	0.50379	-0.078766	-0.13058	0.025565	-0.0031183	0.01681	-0.0088379	-0.005762	0.0083907	0.01919	-0.0020321	0.0059466	-0.00071686	7.83e-05	-0.00062639
-0.0026798	0.010964	-0.00029119	0.0011727	0.0038529	0.0034128	0.0076788	0.022644	0.0026317	0.010312	-0.082975	-0.086684	0.0061368	0.0092316	-0.033703	-0.078766	0.80438	-0.13937	-0.15866	-0.19231	-0.0041948	-0.040868	-0.013022	0.0039606	0.0055533	0.0038478	-0.010208	0.015314	0.0025062	-0.0056725
-0.010978	0.014013	-0.0076493	-0.0027666	0.020845	0.0026082	0.0024626	0.0016937	0.011193	0.0015889	0.022824	-0.015446	0.0099216	0.0073414	0.030673	-0.13058	-0.13937	0.63778	-0.13503	0.00072334	0.0085807	-0.017575	-0.025772	-0.029374	-0.0051466	-0.0035919	0.015987	0.0043749	0.0015739	0.0018144
0.0028291	0.0050582	-0.0016437	0.00051196	0.001669	0.0002063	0.0039197	-0.0012223	-0.0029665	-0.017932	0.0043829	0.017297	0.0077759	0.0031469	-0.0099553	0.025565	-0.15866	-0.13503	0.67683	-0.065926	-0.0011846	-0.13319	-0.01893	-0.024882	-0.063964	0.0022592	0.007897	-0.011857	-0.0012391	-0.0049404
-0.0049147	0.014081	-0.0070615	0.0067468	-0.00028954	-0.0010504	0.0040801	-0.003463	0.0089602	0.029829	-0.19624	-0.057934	0.008343	0.0044058	-0.018486	-0.0031183	-0.19231	0.00072334	-0.065926	1.0362	-0.21073	-0.16752	-0.019391	0.013536	0.025721	-0.19081	0.030982	-0.0032117	-0.0014393	0.02561
0.0027099	-0.10633	0.027893	0.00078925	0.0076255	0.0042317	-0.17257	-0.070945	-0.015359	0.033196	-0.17312	-0.012859	-0.0020164	0.009306	-0.020266	0.01681	-0.0041948	0.0085807	-0.0011846	-0.21073	0.87136	-0.068042	-0.0088057	-0.0018277	0.019221	-0.068081	-0.05013	0.015796	0.00022683	-0.0035065
0.011329	-0.033759	0.010725	-0.0041161	-0.012145	0.0020997	0.0096911	-0.016457	-0.012494	-0.0064166	0.010015	0.0098524	-0.0028093	-0.0040257	0.021358	-0.0088379	-0.040868	-0.017575	-0.13319	-0.16752	-0.068042	0.79398	-0.031974	-0.0059851	-0.20204	-0.076871	-0.056442	0.010311	0.0028208	0.021351
0.0085418	-0.00018033	6.0236e-05	-0.0016186	-0.0017787	0.00010112	-0.0014622	-0.001306	-5.4211e-05	-2.331e-05	0.0032805	0.011113	0.013702	0.0044576	0.0024136	-0.005762	-0.013022	-0.025772	-0.01893	-0.019391	-0.0088057	-0.031974	0.45046	-0.07117	-0.076759	-0.0021471	0.011994	-0.038144	-0.0074746	0.0011596
0.034665	0.0085505	-0.0091736	-0.01564	-0.015029	0.0043628	-0.0039722	-0.0010537	0.0018757	-0.0050304	0.011467	0.013733	0.027709	0.0015588	-0.0015746	0.0083907	0.0039606	-0.029374	-0.024882	0.013536	-0.0018277	-0.0059851	-0.07117	0.48984	-0.037441	-0.00069543	0.020381	-0.19393	-0.0033305	-0.0023896
0.0086404	0.016594	0.010698	0.0054272	0.0022619	-0.01978	-0.024507	0.0019343	0.0091296	0.0044342	-0.010643	-0.00028003	0.010706	0.0063532	-0.011328	0.01919	0.0055533	-0.0051466	-0.063964	0.025721	0.019221	-0.20204	-0.076759	-0.037441	0.84732	-0.078383	-0.18099	-0.1956	-0.011468	0.029067
0.03025	-0.20678	-0.017613	0.011399	-0.013877	-0.0088582	-0.031306	-0.00048053	-0.012167	-0.010245	-0.026019	0.026591	-0.0038513	0.00012239	0.0074974	-0.0020321	0.0038478	-0.0035919	0.0022592	-0.19081	-0.068081	-0.076871	-0.0021471	-0.00069543	-0.078383	0.84032	-0.18537	0.030665	0.015387	-0.037632
0.01297	-0.1337	-0.0052725	-0.0098499	0.01626	0.0077506	-0.036436	0.019065	0.018558	0.0092782	0.037741	-0.0081199	0.0011362	-0.001317	-0.0036662	0.0059466	-0.010208	0.015987	0.007897	0.030982	-0.05013	-0.056442	0.011994	0.020381	-0.18099	-0.18537	0.93083	-0.15115	-0.044177	-0.20168
-0.00062656	-0.0098875	0.022845	0.043706	0.0065735	0.0069125	0.022229	-0.00055987	-0.012222	-0.0015487	-0.0036408	0.002236	-0.0042935	-0.00033746	0.0030254	-0.00071686	0.015314	0.0043749	-0.011857	-0.0032117	0.015796	0.010311	-0.038144	-0.19393	-0.1956	0.030665	-0.15115	0.59798	-0.068489	-0.050549
-0.10839	-0.006594	0.011982	0.010482	0.014334	0.0049466	0.0078296	0.0028	0.0060409	0.0058841	-0.0046823	-0.0018867	-0.0032489	-0.00078818	0.00062157	7.83e-05	0.0025062	0.0015739	-0.0012391	-0.0014393	0.00022683	0.0028208	-0.0074746	-0.0033305	-0.011468	0.015387	-0.044177	-0.068489	0.25314	-0.055606
-0.14963	-0.26494	-0.12404	-0.034277	0.01418	0.010028	-0.024456	0.027955	0.0017334	-0.0098482	-0.0064195	-0.0014542	0.0019033	0.0004011	-0.0042565	-0.00062639	-0.0056725	0.0018144	-0.0049404	0.02561	-0.0035065	0.021351	0.0011596	-0.0023896	0.029067	-0.037632	-0.20168	-0.050549	-0.055606	0.87539
