0.055711	-0.012744	-0.011138	-0.0047523	0.0088586	-0.0002403	-0.005778	-0.0021302	-0.00041885	-0.00070477	0.0025177	0.0010363	0.0010142	0.0011045	0.0014651	-0.0011164	-0.00070962	0.0016906	0.00033769	0.0018473	0.0020356	-0.00014222	0.0026979	-0.0012758	0.00065927	0.0023483	-0.0007469	-0.0066835	-0.012397	-0.023913
-0.012744	0.43523	-0.03448	-0.0051856	-0.0049157	-0.0028891	-0.15376	0.019154	0.0094091	-0.0060002	-0.025797	0.0080567	-0.00063248	0.019757	-0.010288	-0.0019572	0.016728	0.00045921	-0.016066	-0.035472	-0.018475	-0.014263	0.0041542	0.019874	-0.01579	-0.045076	-0.017197	-0.016808	-0.011654	-0.061791
-0.011138	-0.03448	0.15517	-0.031377	0.0053947	-0.015864	-0.00046557	0.005486	-0.00077088	0.0061073	0.0035424	-0.0055583	-0.0084676	-0.0025643	-0.0029858	-0.00037294	0.0082843	-0.0014154	-0.00060946	0.00078412	-0.011105	-0.00046752	-0.010132	0.0072133	0.0016699	0.0018643	-0.0077927	-0.0083903	-0.0016999	-0.026996
-0.0047523	-0.0051856	-0.031377	0.16662	-0.06597	-0.02727	-0.0060656	-0.014155	-0.013647	-0.0056354	-0.00010653	0.0033559	0.006344	-0.0024921	-0.00058914	0.0029941	-0.0090227	-0.0034747	0.0042015	0.0061152	0.0078752	0.0049907	0.0014753	0.017207	0.0073075	0.00056071	-0.004393	0.014123	-0.01004	-0.025735
0.0088586	-0.0049157	0.0053947	-0.06597	0.23242	-0.017929	0.0049389	-0.0092935	-0.021377	-0.014004	-0.016351	0.012688	0.0053618	-0.0030335	-0.00090396	0.00059255	-0.0047544	0.0026534	-0.00016482	-0.0054335	0.0050865	-0.0054673	0.0010454	-0.036582	-0.0027644	-0.00067092	0.010009	0.014007	0.0028928	0.017461
-0.0002403	-0.0028891	-0.015864	-0.02727	-0.017929	0.16156	-0.021283	0.0037332	-0.00058363	-0.013444	-0.0056047	-0.005278	-0.0058006	-0.0022497	-0.00012987	0.00047799	0.0031387	-0.0017461	-0.0015127	0.00063248	-0.0019873	-0.0010421	-8.7635e-05	-0.0019143	-0.0078977	-0.0030339	-0.001334	0.0046446	-0.00015416	-0.0065196
-0.005778	-0.15376	-0.00046557	-0.0060656	0.0049389	-0.021283	0.55233	-0.13011	-0.018316	-0.00056371	-0.024664	-0.012166	0.0052629	0.0028347	-0.011275	0.0091598	-0.0061038	-0.001419	0.0012855	0.042962	-0.17056	0.0023541	0.0076784	-0.012098	0.0049285	-0.020156	-0.02681	0.013522	0.0016738	-0.0090053
-0.0021302	0.019154	0.005486	-0.014155	-0.0092935	0.0037332	-0.13011	0.31217	-0.0063739	-0.034303	-0.067578	0.0096956	-0.033891	-0.0099007	0.0053911	0.00026852	0.0038504	0.0069091	0.0030202	-0.0049503	0.0096666	-0.0012838	-0.0019007	0.0020128	-0.012795	-0.013595	-0.0055442	0.0053353	-0.000833	-0.0023033
-0.00041885	0.0094091	-0.00077088	-0.013647	-0.021377	-0.00058363	-0.018316	-0.0063739	0.13941	-0.0049258	-0.0053215	-0.0061464	-0.015307	-0.00049061	0.0025925	0.00039224	0.0080037	-0.0019143	-0.006624	0.0053978	0.0028763	-0.00030972	-0.017816	0.0091463	0.0054621	-0.00054479	-0.0024788	-0.0062137	-0.0011159	0.0013329
-0.00070477	-0.0060002	0.0061073	-0.0056354	-0.014004	-0.013444	-0.00056371	-0.034303	-0.0049258	0.21147	-0.032164	0.00022783	-0.076392	0.010343	-0.0011579	-0.0018447	0.0072341	-0.0041607	-0.010268	0.0070563	0.0052762	-0.0025888	-0.0041481	0.004195	0.0015106	0.0017253	0.0015897	-0.002002	7.0893e-05	0.0017222
0.0025177	-0.025797	0.0035424	-0.00010653	-0.016351	-0.0056047	-0.024664	-0.067578	-0.0053215	-0.032164	0.52415	-0.12509	-0.076644	-0.024077	0.060306	-0.014555	-0.0009485	-0.012989	0.0031835	-0.098123	-0.047956	-0.016015	-0.012413	0.0061567	0.0013053	-0.016843	0.012891	-0.00048909	0.0029295	-0.0062355
0.0010363	0.0080567	-0.0055583	0.0033559	0.012688	-0.005278	-0.012166	0.0096956	-0.0061464	0.00022783	-0.12509	0.4469	-0.072997	-0.015941	-0.0075823	-0.022073	-0.05356	-0.0035261	-0.0044954	-0.15349	0.01927	0.0054315	-0.001806	-0.0043257	0.0014847	-0.0023287	0.0021279	0.0029353	0.0025461	-0.0023675
0.0010142	-0.00063248	-0.0084676	0.006344	0.0053618	-0.0058006	0.0052629	-0.033891	-0.015307	-0.076392	-0.076644	-0.072997	0.4293	-0.031576	-0.059706	0.012073	-0.020475	7.6754e-05	-0.0087277	-0.013625	-0.005633	0.0041502	0.0035065	-0.0023297	-0.001215	0.0037791	0.0016872	0.002477	0.00088272	0.0016426
0.0011045	0.019757	-0.0025643	-0.0024921	-0.0030335	-0.0022497	0.0028347	-0.0099007	-0.00049061	0.010343	-0.024077	-0.015941	-0.031576	0.24016	-0.10953	0.0063735	0.0093198	-0.02062	0.0068703	-0.030249	0.026968	0.003092	-0.0074792	0.00048006	-0.0056439	-0.0037664	-0.0056181	0.0013358	0.00091214	-0.0047555
0.0014651	-0.010288	-0.0029858	-0.00058914	-0.00090396	-0.00012987	-0.011275	0.0053911	0.0025925	-0.0011579	0.060306	-0.0075823	-0.059706	-0.10953	0.36318	-0.15966	-0.079314	0.023654	-0.0014526	0.067984	-0.05276	0.0036046	0.0022985	-0.0018965	0.0024582	0.0045822	0.00018611	0.0015956	-0.0013834	0.0094464
-0.0011164	-0.0019572	-0.00037294	0.0029941	0.00059255	0.00047799	0.0091598	0.00026852	0.00039224	-0.0018447	-0.014555	-0.022073	0.012073	0.0063735	-0.15966	0.30132	-0.017475	-0.071365	-0.0039069	-0.015245	0.0094529	-0.0011165	0.0049181	-0.0027807	0.0019129	0.00036674	0.0053185	-0.0021456	0.00039154	-0.0025757
-0.00070962	0.016728	0.0082843	-0.0090227	-0.0047544	0.0031387	-0.0061038	0.0038504	0.0080037	0.0072341	-0.0009485	-0.05356	-0.020475	0.0093198	-0.079314	-0.017475	0.35076	-0.048451	-0.063337	-0.0014727	-0.056875	-0.012125	0.001805	-0.0095308	0.0024006	0.0027441	-0.016347	0.010612	-0.003182	0.0010084
0.0016906	0.00045921	-0.0014154	-0.0034747	0.0026534	-0.0017461	-0.001419	0.0069091	-0.0019143	-0.0041607	-0.012989	-0.0035261	7.6754e-05	-0.02062	0.023654	-0.071365	-0.048451	0.26478	-0.039331	-0.014196	0.020982	-0.0035211	-0.027567	-0.0022303	-0.004899	0.0024121	0.0014915	0.00081089	0.0012608	-0.00071744
0.00033769	-0.016066	-0.00060946	0.0042015	-0.00016482	-0.0015127	0.0012855	0.0030202	-0.006624	-0.010268	0.0031835	-0.0044954	-0.0087277	0.0068703	-0.0014526	-0.0039069	-0.063337	-0.039331	0.31432	-0.044383	0.0080092	-0.039807	-0.023096	-0.005534	-0.031195	-0.0013138	0.0056092	-0.0080937	0.0010032	0.0026237
0.0018473	-0.035472	0.00078412	0.0061152	-0.0054335	0.00063248	0.042962	-0.0049503	0.0053978	0.0070563	-0.098123	-0.15349	-0.013625	-0.030249	0.067984	-0.015245	-0.0014727	-0.014196	-0.044383	0.47128	-0.044394	-0.061487	-0.017568	0.018105	-0.010958	-0.047065	0.0043588	-0.0012782	0.0028993	-0.0024447
0.0020356	-0.018475	-0.011105	0.0078752	0.0050865	-0.0019873	-0.17056	0.0096666	0.0028763	0.0052762	-0.047956	0.01927	-0.005633	0.026968	-0.05276	0.0094529	-0.056875	0.020982	0.0080092	-0.044394	0.38069	-0.0073179	0.011283	-0.010908	-0.0021019	-0.014313	-0.011338	-0.0070839	0.0011184	0.012263
-0.00014222	-0.014263	-0.00046752	0.0049907	-0.0054673	-0.0010421	0.0023541	-0.0012838	-0.00030972	-0.0025888	-0.016015	0.0054315	0.0041502	0.003092	0.0036046	-0.0011165	-0.012125	-0.0035211	-0.039807	-0.061487	-0.0073179	0.22543	0.0049914	-0.0045556	-0.0023693	-0.030253	-0.015431	-0.0039434	0.00061256	-0.0026735
0.0026979	0.0041542	-0.010132	0.0014753	0.0010454	-8.7635e-05	0.0076784	-0.0019007	-0.017816	-0.0041481	-0.012413	-0.001806	0.0035065	-0.0074792	0.0022985	0.0049181	0.001805	-0.027567	-0.023096	-0.017568	0.011283	0.0049914	0.21039	-0.017011	-0.022059	-0.009336	-0.00078088	-0.037993	0.0019333	0.0013991
-0.0012758	0.019874	0.0072133	0.017207	-0.036582	-0.0019143	-0.012098	0.0020128	0.0091463	0.004195	0.0061567	-0.0043257	-0.0023297	0.00048006	-0.0018965	-0.0027807	-0.0095308	-0.0022303	-0.005534	0.018105	-0.010908	-0.0045556	-0.017011	0.2033	-0.022482	-0.001402	-0.022208	-0.062692	0.0074493	0.003767
0.00065927	-0.01579	0.0016699	0.0073075	-0.0027644	-0.0078977	0.0049285	-0.012795	0.0054621	0.0015106	0.0013053	0.0014847	-0.001215	-0.0056439	0.0024582	0.0019129	0.0024006	-0.004899	-0.031195	-0.010958	-0.0021019	-0.0023693	-0.022059	-0.022482	0.23076	-0.020112	-0.035237	-0.023421	0.00048525	-0.010667
0.0023483	-0.045076	0.0018643	0.00056071	-0.00067092	-0.0030339	-0.020156	-0.013595	-0.00054479	0.0017253	-0.016843	-0.0023287	0.0037791	-0.0037664	0.0045822	0.00036674	0.0027441	0.0024121	-0.0013138	-0.047065	-0.014313	-0.030253	-0.009336	-0.001402	-0.020112	0.23334	-0.0083063	0.0026681	-0.00065547	-0.012244
-0.0007469	-0.017197	-0.0077927	-0.004393	0.010009	-0.001334	-0.02681	-0.0055442	-0.0024788	0.0015897	0.012891	0.0021279	0.0016872	-0.0056181	0.00018611	0.0053185	-0.016347	0.0014915	0.0056092	0.0043588	-0.011338	-0.015431	-0.00078088	-0.022208	-0.035237	-0.0083063	0.2072	-0.029392	-0.014716	-0.023349
-0.0066835	-0.016808	-0.0083903	0.014123	0.014007	0.0046446	0.013522	0.0053353	-0.0062137	-0.002002	-0.00048909	0.0029353	0.002477	0.0013358	0.0015956	-0.0021456	0.010612	0.00081089	-0.0080937	-0.0012782	-0.0070839	-0.0039434	-0.037993	-0.062692	-0.023421	0.0026681	-0.029392	0.20223	-0.0098692	-0.015987
-0.012397	-0.011654	-0.0016999	-0.01004	0.0028928	-0.00015416	0.0016738	-0.000833	-0.0011159	7.0893e-05	0.0029295	0.0025461	0.00088272	0.00091214	-0.0013834	0.00039154	-0.003182	0.0012608	0.0010032	0.0028993	0.0011184	0.00061256	0.0019333	0.0074493	0.00048525	-0.00065547	-0.014716	-0.0098692	0.058196	-0.024067
-0.023913	-0.061791	-0.026996	-0.025735	0.017461	-0.0065196	-0.0090053	-0.0023033	0.0013329	0.0017222	-0.0062355	-0.0023675	0.0016426	-0.0047555	0.0094464	-0.0025757	0.0010084	-0.00071744	0.0026237	-0.0024447	0.012263	-0.0026735	0.0013991	0.003767	-0.010667	-0.012244	-0.023349	-0.015987	-0.024067	0.21369
