0.1457	-0.017015	-0.038335	-0.0092269	-0.014833	0.0053603	-0.0032826	-0.0025582	0.0018742	0.0081678	4.2729e-05	-0.0034727	2.2053e-05	-6.1707e-05	-0.00052984	-0.0015951	0.00058832	0.0031035	0.0037174	-0.00074807	-0.00081258	0.0046896	0.0037496	0.013274	0.0049126	0.0029337	-0.013	0.0012897	-0.087704
-0.017015	0.59583	-0.076771	-0.014283	-0.013545	-0.19537	-0.0098462	0.0062371	-0.0097995	0.057535	0.00082095	-0.0034056	0.0026785	-0.005938	0.0077909	-0.0032206	0.0006578	-0.0013508	-0.0093515	0.017021	-0.020883	-0.00050248	0.0047773	-0.00092678	-0.0005545	-0.13717	-0.11909	-0.0012847	-0.031164
-0.038335	-0.076771	0.35896	-0.036648	-0.089797	-0.04404	-0.025306	-0.0098118	-0.0019384	-0.001746	-0.00123	-0.0027601	0.0054821	0.0046803	-0.0010724	0.002236	-0.00040259	-0.0025204	-0.0042891	0.00024161	-0.01116	0.0025053	0.00051173	0.011766	-0.0016578	-0.005168	-0.0042724	0.016246	-0.01309
-0.0092269	-0.014283	-0.036648	0.27082	-0.059735	-0.013242	-0.014199	-0.069456	-0.034652	-0.0030989	0.0075804	0.010719	-0.0031026	0.010005	0.0078623	-0.00064323	-0.0022772	0.0048735	0.0054298	-0.010461	0.017	0.0041741	0.00063579	-0.020429	0.0053213	-0.0019376	0.015234	0.028914	0.015121
-0.014833	-0.013545	-0.089797	-0.059735	0.39872	-0.029836	-0.055874	-0.030632	-0.038894	-0.032858	0.0061355	-0.0027822	-0.0087349	0.010448	0.0049164	-3.7602e-05	-0.00077918	-0.0030921	-0.0054924	-0.0047697	-0.00068026	-0.0029	-0.0018978	0.010281	-0.0033881	-0.010244	0.0025454	0.009983	0.008698
0.0053603	-0.19537	-0.04404	-0.013242	-0.029836	0.67091	-0.19705	-0.0042785	-0.0076636	0.014038	0.00033292	0.0014609	-0.0011421	0.013205	-0.016485	0.0064386	0.0091698	-0.0061468	-0.0014501	0.010533	-0.13974	-0.014862	-8.0594e-05	0.0094274	-0.00012163	-0.022646	-0.030865	0.013834	0.0025111
-0.0032826	-0.0098462	-0.025306	-0.014199	-0.055874	-0.19705	0.60108	0.0094678	-0.13611	-0.051499	-0.0049806	-0.053117	-0.008966	0.017823	-0.0077245	0.002781	0.012996	-0.00033209	-0.017655	0.013616	-0.063783	-0.028667	-0.0018571	-0.0042638	-0.0039457	0.053145	0.0033005	0.0033683	0.0072708
-0.0025582	0.0062371	-0.0098118	-0.069456	-0.030632	-0.0042785	0.0094678	0.26505	-0.016033	0.0035568	-0.0078555	-0.018795	-0.027319	0.0075297	-0.0019607	0.0011019	0.00076502	0.0086574	-0.0041797	0.0022202	-0.011168	-0.0010518	-0.0049556	0.00043951	0.0011426	0.0030892	0.00069059	0.00015087	-0.0020409
0.0018742	-0.0097995	-0.0019384	-0.034652	-0.038894	-0.0076636	-0.13611	-0.016033	0.5914	-0.050137	-0.01055	-0.11354	-0.095597	-0.0091824	-0.0082034	0.0035244	0.023293	0.0020824	-0.016571	-0.021283	0.0076669	-0.004028	0.00034793	0.011789	-0.0020411	0.021351	-0.0042086	-0.012234	0.0062195
0.0081678	0.057535	-0.001746	-0.0030989	-0.032858	0.014038	-0.051499	0.0035568	-0.050137	0.59769	-0.15172	-0.17611	0.054101	-0.013047	0.022595	0.00018091	-0.017144	0.010185	0.033279	-0.052493	-0.093663	0.027409	-0.009677	0.0061789	-0.0045659	-0.16104	0.041924	0.0096643	-0.022803
4.2729e-05	0.00082095	-0.00123	0.0075804	0.0061355	0.00033292	-0.0049806	-0.0078555	-0.01055	-0.15172	0.77676	-0.16578	0.0055301	0.0076194	-0.05549	-0.021036	-0.14813	0.013128	-0.011877	-0.17869	-0.033954	-0.012046	-0.005935	0.0011343	0.0047173	0.025511	-0.015344	0.0013202	0.0067801
-0.0034727	-0.0034056	-0.0027601	0.010719	-0.0027822	0.0014609	-0.053117	-0.018795	-0.11354	-0.17611	-0.16578	0.78489	-0.10486	-0.076776	-0.031622	0.016196	-0.07148	0.0083946	0.0057007	0.004102	0.0064838	9.5293e-05	-0.0013524	-0.00076539	-0.0020535	0.022537	-0.0016121	-0.00058928	0.005485
2.2053e-05	0.0026785	0.0054821	-0.0031026	-0.0087349	-0.0011421	-0.008966	-0.027319	-0.095597	0.054101	0.0055301	-0.10486	0.41742	-0.12443	-0.017207	0.018861	0.018889	0.0042511	0.0037079	0.010745	-0.0030671	0.0048174	0.014575	0.0099265	-0.0013242	0.0097655	-0.0072962	-0.0050822	-0.00091097
-6.1707e-05	-0.005938	0.0046803	0.010005	0.010448	0.013205	0.017823	0.0075297	-0.0091824	-0.013047	0.0076194	-0.076776	-0.12443	0.34457	-0.23625	0.027212	-0.0029203	0.027204	0.0086891	0.0043646	0.014534	-0.0031231	0.004239	0.0047572	0.0060987	-0.013683	0.0044175	-0.0020452	-0.00030868
-0.00052984	0.0077909	-0.0010724	0.0078623	0.0049164	-0.016485	-0.0077245	-0.0019607	-0.0082034	0.022595	-0.05549	-0.031622	-0.017207	-0.23625	0.6175	-0.23518	4.4202e-06	-0.008908	-0.017357	-0.0054375	-0.014674	0.0088723	0.0011635	-0.0023842	-0.0032132	0.025724	-0.00072124	0.0052474	-0.0028435
-0.0015951	-0.0032206	0.002236	-0.00064323	-3.7602e-05	0.0064386	0.002781	0.0011019	0.0035244	0.00018091	-0.021036	0.016196	0.018861	0.027212	-0.23518	0.3514	-0.076758	-0.11028	0.0020427	0.010187	0.0076504	0.0062299	0.0016904	0.0091477	0.0018909	-0.00095038	0.0056013	0.0019814	0.0018948
0.00058832	0.0006578	-0.00040259	-0.0022772	-0.00077918	0.0091698	0.012996	0.00076502	0.023293	-0.017144	-0.14813	-0.07148	0.018889	-0.0029203	4.4202e-06	-0.076758	0.74515	-0.10491	-0.082531	-0.18178	0.024964	-0.07293	-0.0099381	0.0083602	-0.00029578	-0.014357	-0.010907	0.0019112	0.0027856
0.0031035	-0.0013508	-0.0025204	0.0048735	-0.0030921	-0.0061468	-0.00033209	0.0086574	0.0020824	0.010185	0.013128	0.0083946	0.0042511	0.027204	-0.008908	-0.11028	-0.10491	0.43934	-0.080446	0.0023506	0.0019537	0.0065593	-0.036582	-0.0086144	0.0080722	0.0060344	-0.0059136	-0.001642	-0.00095771
0.0037174	-0.0093515	-0.0042891	0.0054298	-0.0054924	-0.0014501	-0.017655	-0.0041797	-0.016571	0.033279	-0.011877	0.0057007	0.0037079	0.0086891	-0.017357	0.0020427	-0.082531	-0.080446	0.47598	-0.056624	0.0034105	-0.10859	-0.014747	-0.018189	-0.054588	0.026087	0.0022093	-0.0056132	0.00066587
-0.00074807	0.017021	0.00024161	-0.010461	-0.0047697	0.010533	0.013616	0.0022202	-0.021283	-0.052493	-0.17869	0.004102	0.010745	0.0043646	-0.0054375	0.010187	-0.18178	0.0023506	-0.056624	0.87679	-0.22676	-0.085906	0.00020791	-0.0064885	-0.0064788	-0.089735	0.0066194	-9.7442e-06	-0.0022942
-0.00081258	-0.020883	-0.01116	0.017	-0.00068026	-0.13974	-0.063783	-0.011168	0.0076669	-0.093663	-0.033954	0.0064838	-0.0030671	0.014534	-0.014674	0.0076504	0.024964	0.0019537	0.0034105	-0.22676	0.68673	-0.0049872	-0.007489	-0.0048083	-0.0035567	-0.10066	-0.021602	-0.0038469	0.017015
0.0046896	-0.00050248	0.0025053	0.0041741	-0.0029	-0.014862	-0.028667	-0.0010518	-0.004028	0.027409	-0.012046	9.5293e-05	0.0048174	-0.0031231	0.0088723	0.0062299	-0.07293	0.0065593	-0.10859	-0.085906	-0.0049872	0.54401	0.0077334	-0.01083	-0.063767	-0.12249	-0.025494	-0.012034	-0.0012592
0.0037496	0.0047773	0.00051173	0.00063579	-0.0018978	-8.0594e-05	-0.0018571	-0.0049556	0.00034793	-0.009677	-0.005935	-0.0013524	0.014575	0.004239	0.0011635	0.0016904	-0.0099381	-0.036582	-0.014747	0.00020791	-0.007489	0.0077334	0.28364	-0.041691	-0.035723	-0.014401	-0.0050241	-0.028913	-0.0028845
0.013274	-0.00092678	0.011766	-0.020429	0.010281	0.0094274	-0.0042638	0.00043951	0.011789	0.0061789	0.0011343	-0.00076539	0.0099265	0.0047572	-0.0023842	0.0091477	0.0083602	-0.0086144	-0.018189	-0.0064885	-0.0048083	-0.01083	-0.041691	0.28387	-0.02486	0.0065318	-0.022327	-0.099952	0.0020061
0.0049126	-0.0005545	-0.0016578	0.0053213	-0.0033881	-0.00012163	-0.0039457	0.0011426	-0.0020411	-0.0045659	0.0047173	-0.0020535	-0.0013242	0.0060987	-0.0032132	0.0018909	-0.00029578	0.0080722	-0.054588	-0.0064788	-0.0035567	-0.063767	-0.035723	-0.02486	0.46214	-0.053675	-0.10204	-0.085013	-0.0012903
0.0029337	-0.13717	-0.005168	-0.0019376	-0.010244	-0.022646	0.053145	0.0030892	0.021351	-0.16104	0.025511	0.022537	0.0097655	-0.013683	0.025724	-0.00095038	-0.014357	0.0060344	0.026087	-0.089735	-0.10066	-0.12249	-0.014401	0.0065318	-0.053675	0.65867	-0.079377	-0.0080003	0.0039958
-0.013	-0.11909	-0.0042724	0.015234	0.0025454	-0.030865	0.0033005	0.00069059	-0.0042086	0.041924	-0.015344	-0.0016121	-0.0072962	0.0044175	-0.00072124	0.0056013	-0.010907	-0.0059136	0.0022093	0.0066194	-0.021602	-0.025494	-0.0050241	-0.022327	-0.10204	-0.079377	0.53649	-0.076836	-0.048245
0.0012897	-0.0012847	0.016246	0.028914	0.009983	0.013834	0.0033683	0.00015087	-0.012234	0.0096643	0.0013202	-0.00058928	-0.0050822	-0.0020452	0.0052474	0.0019814	0.0019112	-0.001642	-0.0056132	-9.7442e-06	-0.0038469	-0.012034	-0.028913	-0.099952	-0.085013	-0.0080003	-0.076836	0.32939	-0.044615
-0.087704	-0.031164	-0.01309	0.015121	0.008698	0.0025111	0.0072708	-0.0020409	0.0062195	-0.022803	0.0067801	0.005485	-0.00091097	-0.00030868	-0.0028435	0.0018948	0.0027856	-0.00095771	0.00066587	-0.0022942	0.017015	-0.0012592	-0.0028845	0.0020061	-0.0012903	0.0039958	-0.048245	-0.044615	0.18127
