0.21785	-0.0078596	0.010989	-0.059252	-0.028879	0.0013339	0.016093	-0.0076432	-0.00092354	0.0078265	0.009102	-0.0098231	0.0059895	-0.0047186	-0.0022506	0.014156	-0.0060827	-0.017315	-0.0073343	-0.0027274	0.013467	0.0020727	0.0062592	-0.0013099	0.01685	0.021278	0.0024787	-0.01785	0.032817	-0.12494	-0.083836
-0.0078596	0.7158	-0.13962	-0.0081784	-0.00010978	0.042812	-0.19668	-0.042879	0.0019299	0.033268	0.079367	-0.0069419	-0.029191	-0.0012118	-0.00085391	0.0049927	0.0073052	-0.028534	0.0032681	0.016399	0.035247	-0.11223	0.0031484	0.0028865	0.0031433	-0.033806	-0.086375	-0.061065	-0.017221	0.0079073	-0.15322
0.010989	-0.13962	0.75892	-0.028253	-0.011939	-0.28222	-0.18332	-0.031595	0.010553	0.022624	0.040328	-0.046929	0.021967	-0.00029174	-0.012466	0.0084346	0.0027317	0.01013	-0.0033347	-0.039527	0.054064	0.019632	-0.0091152	0.0026385	0.0012019	0.062576	-0.0040228	-0.041698	0.013482	-0.010288	-0.1871
-0.059252	-0.0081784	-0.028253	0.27088	-0.040784	-0.079135	-0.0057027	0.0042873	-0.034778	-0.0017512	-0.0051224	0.0078678	0.0021233	0.013081	-0.0025585	-0.0091695	0.0049991	0.0012362	0.0056835	-0.01009	-0.0012075	9.2762e-06	0.0020319	0.0008419	0.0042829	-0.0045442	-0.0048971	0.021698	0.01121	0.026584	-0.027899
-0.028879	-0.00010978	-0.011939	-0.040784	0.23703	-0.068027	-0.0019806	0.004293	-0.039403	-0.0094622	0.0049111	-0.015498	0.013205	-0.025039	0.013149	0.00346	-0.0098127	0.010082	0.0083584	0.030955	-0.0045785	0.0084146	-0.012451	-0.0063618	-0.051315	-0.00037229	-0.0065101	0.0040947	0.020626	0.018793	0.025085
0.0013339	0.042812	-0.28222	-0.079135	-0.068027	0.70715	-0.023758	-0.13654	-0.12233	-0.055604	-0.0041902	0.03332	0.0077394	0.028855	-0.01388	0.0037524	0.0018919	-0.0092238	0.0025513	0.01185	-0.019592	0.011932	0.005032	-0.0010395	0.018633	-0.03915	0.0022698	0.017663	0.012177	0.006783	-0.015273
0.016093	-0.19668	-0.18332	-0.0057027	-0.0019806	-0.023758	0.94228	-0.18166	0.0041796	0.051973	-0.19225	0.042923	0.0307	-0.0088447	0.006723	0.027105	-0.040667	0.027793	0.0079587	0.012188	-0.051525	-0.15767	0.0013831	-0.0029095	0.01641	-0.0031805	-0.036325	0.0034793	-0.015627	0.047785	-0.10651
-0.0076432	-0.042879	-0.031595	0.0042873	0.004293	-0.13654	-0.18166	0.76083	-0.00049934	-0.27666	-0.10944	0.020208	-0.066484	0.042732	0.042101	-0.053302	0.033649	-0.044277	0.0032906	0.011253	0.10328	-0.11411	-0.024741	0.0040953	-0.012968	-0.009324	0.0060269	0.0010322	0.0032427	-0.020396	0.10872
-0.00092354	0.0019299	0.010553	-0.034778	-0.039403	-0.12233	0.0041796	-0.00049934	0.37412	-0.1426	0.011094	0.0015897	0.025934	-0.018675	0.011033	-0.0024542	-0.0089982	9.5466e-06	0.023627	0.0078602	-0.0070949	0.0043854	-4.6808e-06	0.0020674	-0.010952	-0.0041042	0.00098088	0.0075706	-0.0064121	0.0073935	0.0019345
0.0078265	0.033268	0.022624	-0.0017512	-0.0094622	-0.055604	0.051973	-0.27666	-0.1426	0.99202	-0.23497	0.075787	-0.25	-0.2099	0.057421	-0.010056	-0.0009138	-0.0002068	0.040879	-0.083658	0.01056	0.058243	0.027091	0.0010535	0.020018	0.032508	-0.0011643	-0.019054	-0.024408	0.0042634	-0.035059
0.009102	0.079367	0.040328	-0.0051224	0.0049111	-0.0041902	-0.19225	-0.10944	0.011094	-0.23497	1.0378	-0.28282	-0.18907	0.080192	-0.090412	0.15987	-0.068978	0.14831	-0.021584	0.011993	-0.26292	-0.068688	-0.0049483	-0.0046944	0.02398	-0.029728	0.017884	0.025155	-0.0054653	0.0029179	-0.063031
-0.0098231	-0.0069419	-0.046929	0.0078678	-0.015498	0.03332	0.042923	0.020208	0.0015897	0.075787	-0.28282	0.93279	-0.29728	0.027038	0.068972	-0.21655	0.065702	-0.17541	0.014126	-0.0049045	-0.29815	-0.011004	0.047069	-0.001764	-0.010176	0.019489	0.0061532	-0.018527	0.0039577	-0.0044347	0.047269
0.0059895	-0.029191	0.021967	0.0021233	0.013205	0.0077394	0.0307	-0.066484	0.025934	-0.25	-0.18907	-0.29728	0.96108	-0.15156	-0.10211	-0.045802	0.035027	-0.035334	0.002137	0.020794	0.028609	0.053853	-0.00073361	0.0016937	0.00071462	-0.012549	-0.0093666	0.013398	0.011557	-0.0014462	-0.018825
-0.0047186	-0.0012118	-0.00029174	0.013081	-0.025039	0.028855	-0.0088447	0.042732	-0.018675	-0.2099	0.080192	0.027038	-0.15156	0.46787	-0.15792	0.051338	0.016421	-0.015483	-0.053967	0.047871	0.0084763	-0.024466	0.0036187	0.013924	0.016148	-0.0053427	0.0065805	-0.0087793	0.0016642	-0.0056479	0.013782
-0.0022506	-0.00085391	-0.012466	-0.0025585	0.013149	-0.01388	0.006723	0.042101	0.011033	0.057421	-0.090412	0.068972	-0.10211	-0.15792	0.46555	-0.27052	-0.02247	0.037222	0.019506	-0.012441	0.0074787	0.0045356	-0.015459	0.00030417	0.006459	0.0043226	-0.012877	-0.0011066	-0.0016404	-0.0074753	0.034092
0.014156	0.0049927	0.0084346	-0.0091695	0.00346	0.0037524	0.027105	-0.053302	-0.0024542	-0.010056	0.15987	-0.21655	-0.045802	0.051338	-0.27052	0.75604	-0.33387	-0.0041965	0.060138	-0.023648	0.035434	-0.041671	-0.00078977	0.0056592	-0.026382	0.0012831	0.020082	0.02042	-0.0021801	0.0053219	-0.05983
-0.0060827	0.0073052	0.0027317	0.0049991	-0.0098127	0.0018919	-0.040667	0.033649	-0.0089982	-0.0009138	-0.068978	0.065702	0.035027	0.016421	-0.02247	-0.33387	0.53459	-0.11654	-0.1697	0.077245	-0.038364	0.060626	-0.0013156	0.0038501	0.015865	0.0047317	-0.0061788	-0.012052	-0.0063533	0.0011981	0.016045
-0.017315	-0.028534	0.01013	0.0012362	0.010082	-0.0092238	0.027793	-0.044277	9.5466e-06	-0.0002068	0.14831	-0.17541	-0.035334	-0.015483	0.037222	-0.0041965	-0.11654	0.51765	-0.021275	-0.2272	-0.0355	-0.13821	0.10244	0.0056662	-0.0076807	0.011168	-0.010918	-0.012042	0.0032048	0.011585	0.034019
-0.0073343	0.0032681	-0.0033347	0.0056835	0.0083584	0.0025513	0.0079587	0.0032906	0.023627	0.040879	-0.021584	0.014126	0.002137	-0.053967	0.019506	0.060138	-0.1697	-0.021275	0.42042	-0.2464	0.024974	0.0065742	0.061273	-0.023084	0.0017599	0.0019686	-0.0047642	-0.0027017	0.020276	-0.0040902	0.0031514
-0.0027274	0.016399	-0.039527	-0.01009	0.030955	0.01185	0.012188	0.011253	0.0078602	-0.083658	0.011993	-0.0049045	0.020794	0.047871	-0.012441	-0.023648	0.077245	-0.2272	-0.2464	0.96885	-0.10198	0.075785	-0.3714	-0.044403	-0.034388	-0.085255	0.024843	0.055936	0.001576	0.005116	-0.008111
0.013467	0.035247	0.054064	-0.0012075	-0.0045785	-0.019592	-0.051525	0.10328	-0.0070949	0.01056	-0.26292	-0.29815	0.028609	0.0084763	0.0074787	0.035434	-0.038364	-0.0355	0.024974	-0.10198	1.0564	-0.17241	-0.31423	-0.012688	0.03173	0.050843	-0.021227	-0.014376	-0.0052816	0.0070371	-0.075604
0.0020727	-0.11223	0.019632	9.2762e-06	0.0084146	0.011932	-0.15767	-0.11411	0.0043854	0.058243	-0.068688	-0.011004	0.053853	-0.024466	0.0045356	-0.041671	0.060626	-0.13821	0.0065742	0.075785	-0.17241	0.61904	0.021821	0.0068997	-0.043383	0.011576	-0.11715	-0.00172	0.016303	-0.013945	0.070024
0.0062592	0.0031484	-0.0091152	0.0020319	-0.012451	0.005032	0.0013831	-0.024741	-4.6808e-06	0.027091	-0.0049483	0.047069	-0.00073361	0.0036187	-0.015459	-0.00078977	-0.0013156	0.10244	0.061273	-0.3714	-0.31423	0.021821	0.72501	-0.013512	0.039827	-0.20767	-0.056713	-0.0018639	0.012516	-0.0070958	0.0011137
-0.0013099	0.0028865	0.0026385	0.0008419	-0.0063618	-0.0010395	-0.0029095	0.0040953	0.0020674	0.0010535	-0.0046944	-0.001764	0.0016937	0.013924	0.00030417	0.0056592	0.0038501	0.0056662	-0.023084	-0.044403	-0.012688	0.0068997	-0.013512	0.27727	-0.063338	-0.038646	-0.0048872	-0.001794	-0.017088	-0.00048162	0.0041691
0.01685	0.0031433	0.0012019	0.0042829	-0.051315	0.018633	0.01641	-0.012968	-0.010952	0.020018	0.02398	-0.010176	0.00071462	0.016148	0.006459	-0.026382	0.015865	-0.0076807	0.0017599	-0.034388	0.03173	-0.043383	0.039827	-0.063338	0.351	-0.11205	-0.0017287	-0.0077585	-0.10005	-0.0096449	0.03763
0.021278	-0.033806	0.062576	-0.0045442	-0.00037229	-0.03915	-0.0031805	-0.009324	-0.0041042	0.032508	-0.029728	0.019489	-0.012549	-0.0053427	0.0043226	0.0012831	0.0047317	0.011168	0.0019686	-0.085255	0.050843	0.011576	-0.20767	-0.038646	-0.11205	0.83403	-0.029702	-0.24323	-0.15208	-0.011018	-0.00015779
0.0024787	-0.086375	-0.0040228	-0.0048971	-0.0065101	0.0022698	-0.036325	0.0060269	0.00098088	-0.0011643	0.017884	0.0061532	-0.0093666	0.0065805	-0.012877	0.020082	-0.0061788	-0.010918	-0.0047642	0.024843	-0.021227	-0.11715	-0.056713	-0.0048872	-0.0017287	-0.029702	0.41632	-0.082692	-7.4004e-05	0.00068476	0.017342
-0.01785	-0.061065	-0.041698	0.021698	0.0040947	0.017663	0.0034793	0.0010322	0.0075706	-0.019054	0.025155	-0.018527	0.013398	-0.0087793	-0.0011066	0.02042	-0.012052	-0.012042	-0.0027017	0.055936	-0.014376	-0.00172	-0.0018639	-0.001794	-0.0077585	-0.24323	-0.082692	0.55944	-0.012936	0.020605	-0.1789
0.032817	-0.017221	0.013482	0.01121	0.020626	0.012177	-0.015627	0.0032427	-0.0064121	-0.024408	-0.0054653	0.0039577	0.011557	0.0016642	-0.0016404	-0.0021801	-0.0063533	0.0032048	0.020276	0.001576	-0.0052816	0.016303	0.012516	-0.017088	-0.10005	-0.15208	-7.4004e-05	-0.012936	0.35913	-0.079291	-0.03313
-0.12494	0.0079073	-0.010288	0.026584	0.018793	0.006783	0.047785	-0.020396	0.0073935	0.0042634	0.0029179	-0.0044347	-0.0014462	-0.0056479	-0.0074753	0.0053219	0.0011981	0.011585	-0.0040902	0.005116	0.0070371	-0.013945	-0.0070958	-0.00048162	-0.0096449	-0.011018	0.00068476	0.020605	-0.079291	0.24352	-0.12108
-0.083836	-0.15322	-0.1871	-0.027899	0.025085	-0.015273	-0.10651	0.10872	0.0019345	-0.035059	-0.063031	0.047269	-0.018825	0.013782	0.034092	-0.05983	0.016045	0.034019	0.0031514	-0.008111	-0.075604	0.070024	0.0011137	0.0041691	0.03763	-0.00015779	0.017342	-0.1789	-0.03313	-0.12108	0.77919
