0.11872	-0.0053563	0.014083	-0.032767	-0.0085477	-0.00056912	0.0053316	0.0017719	-0.00073361	-0.0004114	0.0017717	0.0034169	-0.0065604	0.00241	-0.0018099	0.0029195	-0.0025981	0.0013877	-0.00086393	0.0017364	0.0049836	-0.0020114	0.00046009	0.002546	0.010559	-0.0020486	0.0026525	-0.0081814	-1.4259e-05	-0.055749	-0.038193
-0.0053563	0.74877	-0.043791	-0.011704	0.011154	-0.0040547	-0.28259	0.047333	-0.0025408	-0.023086	0.0013183	-0.026359	-0.0085063	0.0059037	0.011349	-0.0077966	-0.00016896	0.040834	0.0034822	-0.015487	0.05118	-0.061762	-0.057562	-0.0057973	0.0094284	-0.020492	-0.074807	-0.059301	-0.009891	-0.0064946	-0.18275
0.014083	-0.043791	0.22691	-0.0051808	-0.0088223	-0.061057	-0.087061	-0.0077942	-0.0040814	0.0017392	0.016133	0.004492	-0.0054454	0.0012547	0.0022689	-0.0038281	0.00025302	-0.0011074	0.00028942	0.00036452	0.00092505	0.0087142	0.0049431	0.0012797	0.012139	-0.0067072	0.016293	-0.019077	0.0021149	-0.022875	-0.017214
-0.032767	-0.011704	-0.0051808	0.20541	-0.072589	-0.027867	0.0055328	-0.0047323	-0.014432	-0.012359	0.0024374	-0.007984	0.0057918	0.0055054	-0.0030327	0.0027252	0.0011675	0.0011754	-0.0049303	0.0042994	0.00069192	-0.0024806	-0.0092955	-0.0022895	0.0053995	0.020781	0.0030206	0.0028232	0.0052625	0.00096795	-0.023248
-0.0085477	0.011154	-0.0088223	-0.072589	0.29025	-0.092293	0.0064937	-0.010585	-0.01824	-0.041517	0.0047154	0.011097	-0.0039128	-0.0050834	0.012251	-0.0015829	0.0019952	-0.0010665	0.0037069	-0.0081975	-0.010388	0.0039861	0.016734	-0.0048829	-0.033274	0.0065134	-0.0084188	0.0058717	0.015519	0.015001	-0.00098026
-0.00056912	-0.0040547	-0.061057	-0.027867	-0.092293	0.38957	-0.10005	-0.029636	-0.0019692	-0.058237	0.014006	-0.007744	0.012465	-0.0054115	-0.0068013	0.013735	-0.0027254	0.0010471	-0.0088766	0.014156	-0.012858	0.011019	-0.010315	0.0045196	-0.00024708	-0.018949	0.029231	0.00015049	0.012626	-0.0040024	-0.014349
0.0053316	-0.28259	-0.087061	0.0055328	0.0064937	-0.10005	0.86951	-0.0022989	0.00081947	-0.084603	-0.19096	-0.0065201	0.029922	0.018478	-0.012997	0.0311	-0.017013	-0.0044066	0.0065273	-0.0056827	0.10745	-0.16738	-0.030647	-0.0043568	0.014684	0.0063222	-0.11085	0.0036615	0.0017822	0.0069867	0.015946
0.0017719	0.047333	-0.0077942	-0.0047323	-0.010585	-0.029636	-0.0022989	0.27654	-0.00020554	-0.020772	-0.10365	0.032984	-0.037648	0.0019622	0.019983	-0.033103	0.020167	-0.0055192	-0.0013328	-0.001617	-0.046487	0.034086	0.026692	0.0026824	-0.0039228	0.0090633	-0.090763	0.0040417	-0.00071746	0.0012057	-0.037994
-0.00073361	-0.0025408	-0.0040814	-0.014432	-0.01824	-0.0019692	0.00081947	-0.00020554	0.12866	-0.029468	-0.0034373	-0.0012019	-0.00099317	-0.0053019	-0.0011577	0.001485	-0.00026961	0.0004679	0.00087656	-0.0014492	-0.00039573	-0.0024698	-0.0018466	-0.004804	-0.003188	0.0029428	-0.00090855	0.00011515	-0.0020236	0.0013074	0.00055867
-0.0004114	-0.023086	0.0017392	-0.012359	-0.041517	-0.058237	-0.084603	-0.020772	-0.029468	0.61817	-0.096804	-0.00085588	-0.09671	-0.1542	-0.0035746	0.023101	-0.014243	0.01041	0.017458	-0.030795	0.0021291	0.0020118	-0.027637	-0.010694	0.0058437	-0.0019569	0.065914	-0.0028902	-0.0039129	0.0060941	0.019169
0.0017717	0.0013183	0.016133	0.0024374	0.0047154	0.014006	-0.19096	-0.10365	-0.0034373	-0.096804	0.91637	-0.19294	-0.18117	0.010789	0.0096282	-0.011498	0.011874	-0.047855	0.0096775	0.010497	0.03108	-0.13088	-0.070284	-0.0041789	0.0016434	0.01089	0.021317	0.0012143	0.0027007	0.0068054	-0.016061
0.0034169	-0.026359	0.004492	-0.007984	0.011097	-0.007744	-0.0065201	0.032984	-0.0012019	-0.00085588	-0.19294	0.67814	-0.11883	0.0074332	-0.0047785	-0.051466	0.010372	-0.23715	0.026171	0.031876	-0.097548	-0.056089	-0.046418	-0.0020079	0.0081255	-0.0058847	0.085095	-0.0028725	-0.0036862	0.00078098	0.0048243
-0.0065604	-0.0085063	-0.0054454	0.0057918	-0.0039128	0.012465	0.029922	-0.037648	-0.00099317	-0.09671	-0.18117	-0.11883	0.66341	-0.062891	-0.060193	-0.044942	0.01426	-0.0084723	0.0036988	-0.029824	-0.046566	-0.030851	0.047464	0.002359	-0.0032492	-0.0091695	0.0038116	-0.0031061	0.0022478	-0.00011996	0.023076
0.00241	0.0059037	0.0012547	0.0055054	-0.0050834	-0.0054115	0.018478	0.0019622	-0.0053019	-0.1542	0.010789	0.0074332	-0.062891	0.34926	-0.081001	-0.00033883	0.014119	0.017678	-0.01061	0.0038908	-0.0001076	0.0076765	0.0032336	0.0030032	0.0059863	-0.00076065	-0.0064853	0.0010551	0.00021092	-0.00013289	-0.0089226
-0.0018099	0.011349	0.0022689	-0.0030327	0.012251	-0.0068013	-0.012997	0.019983	-0.0011577	-0.0035746	0.0096282	-0.0047785	-0.060193	-0.081001	0.3175	-0.21439	0.04227	0.0040848	-0.0046152	0.018773	0.0011996	0.0023599	-0.0075422	0.0040402	-0.0082615	0.0050875	-0.0024854	0.001323	0.0033214	-0.0031324	0.0062914
0.0029195	-0.0077966	-0.0038281	0.0027252	-0.0015829	0.013735	0.0311	-0.033103	0.001485	0.023101	-0.011498	-0.051466	-0.044942	-0.00033883	-0.21439	0.55305	-0.2496	-0.014818	0.017902	-0.011152	0.0090196	0.015064	0.020301	-0.0022146	0.014605	-0.005538	-0.0056501	-0.00040178	-0.0054401	0.001867	-0.0079098
-0.0025981	-0.00016896	0.00025302	0.0011675	0.0019952	-0.0027254	-0.017013	0.020167	-0.00026961	-0.014243	0.011874	0.010372	0.01426	0.014119	0.04227	-0.2496	0.30437	-0.059684	-0.060866	0.0012873	-0.00079754	-0.0080304	-0.0021239	0.0011798	0.0032464	0.0024571	0.012222	0.00042271	0.0025578	-0.000928	0.0057674
0.0013877	0.040834	-0.0011074	0.0011754	-0.0010665	0.0010471	-0.0044066	-0.0055192	0.0004679	0.01041	-0.047855	-0.23715	-0.0084723	0.017678	0.0040848	-0.014818	-0.059684	0.68213	-0.090722	-0.12794	-0.10341	0.041001	-0.039854	0.0029608	0.0056135	0.014824	-0.022306	0.00066897	0.0026694	-0.0015371	-0.016965
-0.00086393	0.0034822	0.00028942	-0.0049303	0.0037069	-0.0088766	0.0065273	-0.0013328	0.00087656	0.017458	0.0096775	0.026171	0.0036988	-0.01061	-0.0046152	0.017902	-0.060866	-0.090722	0.29058	-0.1348	-0.0046867	-0.00024802	0.023992	-0.013757	-0.0067269	-0.0023863	-0.00025771	0.0032472	0.005086	-0.00050667	0.0068985
0.0017364	-0.015487	0.00036452	0.0042994	-0.0081975	0.014156	-0.0056827	-0.001617	-0.0014492	-0.030795	0.010497	0.031876	-0.029824	0.0038908	0.018773	-0.011152	0.0012873	-0.12794	-0.1348	0.71809	-0.037872	0.0033211	-0.26058	-0.066256	-0.039141	-0.024153	0.052105	-0.0050302	-0.0068131	0.0031475	0.00049014
0.0049836	0.05118	0.00092505	0.00069192	-0.010388	-0.012858	0.10745	-0.046487	-0.00039573	0.0021291	0.03108	-0.097548	-0.046566	-0.0001076	0.0011996	0.0090196	-0.00079754	-0.10341	-0.0046867	-0.037872	0.51628	-0.082189	-0.023183	0.0024903	-0.010059	0.025619	-0.22887	0.0091613	0.0011343	0.0027258	-0.029794
-0.0020114	-0.061762	0.0087142	-0.0024806	0.0039861	0.011019	-0.16738	0.034086	-0.0024698	0.0020118	-0.13088	-0.056089	-0.030851	0.0076765	0.0023599	0.015064	-0.0080304	0.041001	-0.00024802	0.0033211	-0.082189	0.57138	-0.058951	-0.0048144	-5.802e-05	0.0097071	-0.10732	-0.00289	0.0035272	-1.1282e-06	0.037576
0.00046009	-0.057562	0.0049431	-0.0092955	0.016734	-0.010315	-0.030647	0.026692	-0.0018466	-0.027637	-0.070284	-0.046418	0.047464	0.0032336	-0.0075422	0.020301	-0.0021239	-0.039854	0.023992	-0.26058	-0.023183	-0.058951	0.76607	-0.018086	-0.0001595	-0.11111	-0.099366	-0.020484	-0.015149	0.0010775	0.031394
0.002546	-0.0057973	0.0012797	-0.0022895	-0.0048829	0.0045196	-0.0043568	0.0026824	-0.004804	-0.010694	-0.0041789	-0.0020079	0.002359	0.0030032	0.0040402	-0.0022146	0.0011798	0.0029608	-0.013757	-0.066256	0.0024903	-0.0048144	-0.018086	0.24713	-0.047093	-0.0046274	0.0035707	-0.0077677	-0.024642	-0.0020742	0.0039379
0.010559	0.0094284	0.012139	0.0053995	-0.033274	-0.00024708	0.014684	-0.0039228	-0.003188	0.0058437	0.0016434	0.0081255	-0.0032492	0.0059863	-0.0082615	0.014605	0.0032464	0.0056135	-0.0067269	-0.039141	-0.010059	-5.802e-05	-0.0001595	-0.047093	0.3143	-0.082564	-0.010487	-0.0046385	-0.087216	-0.0066737	0.011204
-0.0020486	-0.020492	-0.0067072	0.020781	0.0065134	-0.018949	0.0063222	0.0090633	0.0029428	-0.0019569	0.01089	-0.0058847	-0.0091695	-0.00076065	0.0050875	-0.005538	0.0024571	0.014824	-0.0023863	-0.024153	0.025619	0.0097071	-0.11111	-0.0046274	-0.082564	0.3187	-0.036675	-0.044718	0.0091963	-0.008019	-0.012865
0.0026525	-0.074807	0.016293	0.0030206	-0.0084188	0.029231	-0.11085	-0.090763	-0.00090855	0.065914	0.021317	0.085095	0.0038116	-0.0064853	-0.0024854	-0.0056501	0.012222	-0.022306	-0.00025771	0.052105	-0.22887	-0.10732	-0.099366	0.0035707	-0.010487	-0.036675	0.64879	-0.042226	-0.0041802	0.0075312	-0.060132
-0.0081814	-0.059301	-0.019077	0.0028232	0.0058717	0.00015049	0.0036615	0.0040417	0.00011515	-0.0028902	0.0012143	-0.0028725	-0.0031061	0.0010551	0.001323	-0.00040178	0.00042271	0.00066897	0.0032472	-0.0050302	0.0091613	-0.00289	-0.020484	-0.0077677	-0.0046385	-0.044718	-0.042226	0.27437	-0.02245	-0.0067267	-0.030416
-1.4259e-05	-0.009891	0.0021149	0.0052625	0.015519	0.012626	0.0017822	-0.00071746	-0.0020236	-0.0039129	0.0027007	-0.0036862	0.0022478	0.00021092	0.0033214	-0.0054401	0.0025578	0.0026694	0.005086	-0.0068131	0.0011343	0.0035272	-0.015149	-0.024642	-0.087216	0.0091963	-0.0041802	-0.02245	0.2107	-0.036523	-0.017856
-0.055749	-0.0064946	-0.022875	0.00096795	0.015001	-0.0040024	0.0069867	0.0012057	0.0013074	0.0060941	0.0068054	0.00078098	-0.00011996	-0.00013289	-0.0031324	0.001867	-0.000928	-0.0015371	-0.00050667	0.0031475	0.0027258	-1.1282e-06	0.0010775	-0.0020742	-0.0066737	-0.008019	0.0075312	-0.0067267	-0.036523	0.16329	-0.054434
-0.038193	-0.18275	-0.017214	-0.023248	-0.00098026	-0.014349	0.015946	-0.037994	0.00055867	0.019169	-0.016061	0.0048243	0.023076	-0.0089226	0.0062914	-0.0079098	0.0057674	-0.016965	0.0068985	0.00049014	-0.029794	0.037576	0.031394	0.0039379	0.011204	-0.012865	-0.060132	-0.030416	-0.017856	-0.054434	0.42576
