latency	trial_type	duration	zero_time
1.798	ntDontcount_lab	1	0.2
2.352	ntDontcount_lab	1	0.2
2.906	ntDontcount_lab	1	0.2
3.462	ntDontcount_lab	1	0.2
4.016	ntDontcount_lab	1	0.2
4.572	ntDontcount_lab	1	0.2
5.126	t_Dontcount_lab	1	0.2
5.682	t_Dontcount_lab	1	0.2
6.236	ntDontcount_lab	1	0.2
6.79	ntDontcount_lab	1	0.2
7.344	ntDontcount_lab	1	0.2
7.92	ntDontcount_lab	1	0.2
8.496	ntDontcount_lab	1	0.2
9.094	ntDontcount_lab	1	0.2
9.648	ntDontcount_lab	1	0.2
10.204	ntDontcount_lab	1	0.2
10.758	ntDontcount_lab	1	0.2
11.314	t_Dontcount_lab	1	0.2
11.868	ntDontcount_lab	1	0.2
12.444	t_Dontcount_lab	1	0.2
13.02	t_Dontcount_lab	1	0.2
13.596	t_Dontcount_lab	1	0.2
14.172	t_Dontcount_lab	1	0.2
14.728	ntDontcount_lab	1	0.2
15.302	ntDontcount_lab	1	0.2
15.858	t_Dontcount_lab	1	0.2
16.434	ntDontcount_lab	1	0.2
17.008	ntDontcount_lab	1	0.2
17.564	t_Dontcount_lab	1	0.2
18.118	t_Dontcount_lab	1	0.2
18.674	ntDontcount_lab	1	0.2
19.228	ntDontcount_lab	1	0.2
19.782	ntDontcount_lab	1	0.2
20.336	ntDontcount_lab	1	0.2
20.892	ntDontcount_lab	1	0.2
21.468	t_Dontcount_lab	1	0.2
22.024	ntDontcount_lab	1	0.2
22.576	ntDontcount_lab	1	0.2
23.132	ntDontcount_lab	1	0.2
23.686	ntDontcount_lab	1	0.2
24.24	ntDontcount_lab	1	0.2
24.796	t_Dontcount_lab	1	0.2
25.352	ntDontcount_lab	1	0.2
25.904	ntDontcount_lab	1	0.2
26.48	ntDontcount_lab	1	0.2
27.036	ntDontcount_lab	1	0.2
27.59	ntDontcount_lab	1	0.2
28.144	ntDontcount_lab	1	0.2
28.7	ntDontcount_lab	1	0.2
29.254	t_Dontcount_lab	1	0.2
29.81	t_Dontcount_lab	1	0.2
30.366	ntDontcount_lab	1	0.2
30.918	t_Dontcount_lab	1	0.2
31.474	t_Dontcount_lab	1	0.2
32.03	ntDontcount_lab	1	0.2
32.604	ntDontcount_lab	1	0.2
33.18	ntDontcount_lab	1	0.2
33.734	ntDontcount_lab	1	0.2
34.288	ntDontcount_lab	1	0.2
34.844	ntDontcount_lab	1	0.2
35.42	ntDontcount_lab	1	0.2
35.974	ntDontcount_lab	1	0.2
36.55	ntDontcount_lab	1	0.2
37.104	ntDontcount_lab	1	0.2
37.66	ntDontcount_lab	1	0.2
38.214	ntDontcount_lab	1	0.2
38.768	ntDontcount_lab	1	0.2
39.324	t_Dontcount_lab	1	0.2
39.902	ntDontcount_lab	1	0.2
40.454	ntDontcount_lab	1	0.2
41.03	ntDontcount_lab	1	0.2
41.606	t_Dontcount_lab	1	0.2
42.162	ntDontcount_lab	1	0.2
42.716	t_Dontcount_lab	1	0.2
43.272	ntDontcount_lab	1	0.2
43.826	t_Dontcount_lab	1	0.2
44.402	ntDontcount_lab	1	0.2
44.976	ntDontcount_lab	1	0.2
45.552	ntDontcount_lab	1	0.2
46.108	ntDontcount_lab	1	0.2
46.662	ntDontcount_lab	1	0.2
47.218	t_Dontcount_lab	1	0.2
47.772	t_Dontcount_lab	1	0.2
48.328	ntDontcount_lab	1	0.2
48.88	ntDontcount_lab	1	0.2
49.436	t_Dontcount_lab	1	0.2
50.014	ntDontcount_lab	1	0.2
50.588	ntDontcount_lab	1	0.2
51.142	ntDontcount_lab	1	0.2
51.696	ntDontcount_lab	1	0.2
52.252	t_Dontcount_lab	1	0.2
52.806	t_Dontcount_lab	1	0.2
53.384	ntDontcount_lab	1	0.2
53.936	ntDontcount_lab	1	0.2
54.492	ntDontcount_lab	1	0.2
55.046	ntDontcount_lab	1	0.2
55.6	ntDontcount_lab	1	0.2
56.156	ntDontcount_lab	1	0.2
56.732	ntDontcount_lab	1	0.2
57.308	t_Dontcount_lab	1	0.2
57.864	ntDontcount_lab	1	0.2
58.416	ntDontcount_lab	1	0.2
58.972	ntDontcount_lab	1	0.2
59.526	ntDontcount_lab	1	0.2
60.102	ntDontcount_lab	1	0.2
60.656	ntDontcount_lab	1	0.2
61.232	ntDontcount_lab	1	0.2
61.788	t_Dontcount_lab	1	0.2
62.344	ntDontcount_lab	1	0.2
62.896	ntDontcount_lab	1	0.2
63.452	ntDontcount_lab	1	0.2
64.006	ntDontcount_lab	1	0.2
64.582	t_Dontcount_lab	1	0.2
65.16	ntDontcount_lab	1	0.2
65.712	ntDontcount_lab	1	0.2
66.268	ntDontcount_lab	1	0.2
66.822	ntDontcount_lab	1	0.2
67.376	ntDontcount_lab	1	0.2
67.932	ntDontcount_lab	1	0.2
68.508	ntDontcount_lab	1	0.2
69.084	ntDontcount_lab	1	0.2
69.638	ntDontcount_lab	1	0.2
70.214	ntDontcount_lab	1	0.2
70.768	ntDontcount_lab	1	0.2
71.324	t_Dontcount_lab	1	0.2
71.878	t_Dontcount_lab	1	0.2
72.434	ntDontcount_lab	1	0.2
72.988	ntDontcount_lab	1	0.2
73.542	ntDontcount_lab	1	0.2
74.118	ntDontcount_lab	1	0.2
74.672	ntDontcount_lab	1	0.2
75.228	ntDontcount_lab	1	0.2
75.782	t_Dontcount_lab	1	0.2
76.338	ntDontcount_lab	1	0.2
76.892	ntDontcount_lab	1	0.2
77.446	ntDontcount_lab	1	0.2
78.022	ntDontcount_lab	1	0.2
78.576	ntDontcount_lab	1	0.2
79.132	ntDontcount_lab	1	0.2
80.798	ntDontcount_lab	1	0.2
81.372	ntDontcount_lab	1	0.2
81.948	t_Dontcount_lab	1	0.2
82.504	ntDontcount_lab	1	0.2
83.056	ntDontcount_lab	1	0.2
83.634	t_Dontcount_lab	1	0.2
84.21	ntDontcount_lab	1	0.2
84.764	ntDontcount_lab	1	0.2
85.34	ntDontcount_lab	1	0.2
85.894	ntDontcount_lab	1	0.2
86.47	t_Dontcount_lab	1	0.2
87.026	t_Dontcount_lab	1	0.2
87.582	ntDontcount_lab	1	0.2
88.134	ntDontcount_lab	1	0.2
88.688	ntDontcount_lab	1	0.2
89.244	t_Dontcount_lab	1	0.2
89.842	ntDontcount_lab	1	0.2
90.416	ntDontcount_lab	1	0.2
90.972	t_Dontcount_lab	1	0.2
91.526	t_Dontcount_lab	1	0.2
92.082	ntDontcount_lab	1	0.2
92.636	t_Dontcount_lab	1	0.2
93.214	ntDontcount_lab	1	0.2
93.766	ntDontcount_lab	1	0.2
94.32	ntDontcount_lab	1	0.2
94.876	ntDontcount_lab	1	0.2
95.452	ntDontcount_lab	1	0.2
96.006	ntDontcount_lab	1	0.2
96.56	ntDontcount_lab	1	0.2
97.136	ntDontcount_lab	1	0.2
97.692	ntDontcount_lab	1	0.2
98.246	t_Dontcount_lab	1	0.2
98.802	ntDontcount_lab	1	0.2
99.356	ntDontcount_lab	1	0.2
99.91	ntDontcount_lab	1	0.2
100.464	ntDontcount_lab	1	0.2
101.042	t_Dontcount_lab	1	0.2
101.618	ntDontcount_lab	1	0.2
102.192	ntDontcount_lab	1	0.2
102.748	t_Dontcount_lab	1	0.2
103.302	t_Dontcount_lab	1	0.2
103.858	ntDontcount_lab	1	0.2
104.412	ntDontcount_lab	1	0.2
104.966	ntDontcount_lab	1	0.2
105.542	ntDontcount_lab	1	0.2
106.098	t_Dontcount_lab	1	0.2
106.654	ntDontcount_lab	1	0.2
107.206	t_Dontcount_lab	1	0.2
107.762	t_Dontcount_lab	1	0.2
108.318	ntDontcount_lab	1	0.2
108.87	ntDontcount_lab	1	0.2
109.446	ntDontcount_lab	1	0.2
110	ntDontcount_lab	1	0.2
110.576	ntDontcount_lab	1	0.2
111.132	t_Dontcount_lab	1	0.2
111.686	t_Dontcount_lab	1	0.2
112.242	ntDontcount_lab	1	0.2
112.796	t_Dontcount_lab	1	0.2
113.372	t_Dontcount_lab	1	0.2
113.928	ntDontcount_lab	1	0.2
114.502	ntDontcount_lab	1	0.2
115.056	ntDontcount_lab	1	0.2
115.612	ntDontcount_lab	1	0.2
116.166	ntDontcount_lab	1	0.2
116.72	ntDontcount_lab	1	0.2
117.296	ntDontcount_lab	1	0.2
117.852	ntDontcount_lab	1	0.2
118.406	ntDontcount_lab	1	0.2
118.982	ntDontcount_lab	1	0.2
119.536	ntDontcount_lab	1	0.2
120.092	t_Dontcount_lab	1	0.2
120.648	ntDontcount_lab	1	0.2
121.222	ntDontcount_lab	1	0.2
121.798	ntDontcount_lab	1	0.2
122.352	ntDontcount_lab	1	0.2
122.908	t_Dontcount_lab	1	0.2
123.464	ntDontcount_lab	1	0.2
124.016	ntDontcount_lab	1	0.2
124.572	t_Dontcount_lab	1	0.2
125.128	ntDontcount_lab	1	0.2
125.702	ntDontcount_lab	1	0.2
126.256	ntDontcount_lab	1	0.2
126.832	ntDontcount_lab	1	0.2
127.388	t_Dontcount_lab	1	0.2
127.944	ntDontcount_lab	1	0.2
128.496	ntDontcount_lab	1	0.2
129.052	ntDontcount_lab	1	0.2
129.606	ntDontcount_lab	1	0.2
130.184	t_Dontcount_lab	1	0.2
130.76	ntDontcount_lab	1	0.2
131.312	ntDontcount_lab	1	0.2
131.868	ntDontcount_lab	1	0.2
132.444	ntDontcount_lab	1	0.2
132.998	ntDontcount_lab	1	0.2
133.552	ntDontcount_lab	1	0.2
134.108	t_Dontcount_lab	1	0.2
134.664	ntDontcount_lab	1	0.2
135.216	ntDontcount_lab	1	0.2
135.772	ntDontcount_lab	1	0.2
136.326	ntDontcount_lab	1	0.2
136.88	ntDontcount_lab	1	0.2
137.456	ntDontcount_lab	1	0.2
138.012	ntDontcount_lab	1	0.2
138.568	t_Dontcount_lab	1	0.2
139.144	ntDontcount_lab	1	0.2
139.696	ntDontcount_lab	1	0.2
140.252	t_Dontcount_lab	1	0.2
140.808	ntDontcount_lab	1	0.2
141.382	ntDontcount_lab	1	0.2
141.936	ntDontcount_lab	1	0.2
142.492	ntDontcount_lab	1	0.2
143.048	t_Dontcount_lab	1	0.2
143.602	ntDontcount_lab	1	0.2
144.156	ntDontcount_lab	1	0.2
144.71	ntDontcount_lab	1	0.2
145.264	ntDontcount_lab	1	0.2
145.82	ntDontcount_lab	1	0.2
146.376	t_Dontcount_lab	1	0.2
146.952	ntDontcount_lab	1	0.2
147.504	ntDontcount_lab	1	0.2
148.082	t_Dontcount_lab	1	0.2
148.638	ntDontcount_lab	1	0.2
149.212	ntDontcount_lab	1	0.2
149.788	ntDontcount_lab	1	0.2
150.344	t_Dontcount_lab	1	0.2
150.898	t_Dontcount_lab	1	0.2
151.454	ntDontcount_lab	1	0.2
152.006	ntDontcount_lab	1	0.2
152.562	t_Dontcount_lab	1	0.2
153.138	t_Dontcount_lab	1	0.2
153.714	t_Dontcount_lab	1	0.2
154.268	t_Dontcount_lab	1	0.2
154.824	ntDontcount_lab	1	0.2
155.376	ntDontcount_lab	1	0.2
155.932	ntDontcount_lab	1	0.2
156.486	ntDontcount_lab	1	0.2
157.04	ntDontcount_lab	1	0.2
157.596	ntDontcount_lab	1	0.2
158.152	t_Dontcount_lab	1	0.2
158.728	ntDontcount_lab	1	0.2
159.302	ntDontcount_lab	1	0.2
159.856	ntDontcount_lab	1	0.2
160.412	ntDontcount_lab	1	0.2
160.968	t_Dontcount_lab	1	0.2
161.522	ntDontcount_lab	1	0.2
162.076	t_Dontcount_lab	1	0.2
162.652	t_Dontcount_lab	1	0.2
163.228	t_Dontcount_lab	1	0.2
163.784	t_Dontcount_lab	1	0.2
164.338	ntDontcount_lab	1	0.2
164.912	ntDontcount_lab	1	0.2
165.468	ntDontcount_lab	1	0.2
166.022	ntDontcount_lab	1	0.2
166.576	ntDontcount_lab	1	0.2
167.154	t_Dontcount_lab	1	0.2
167.73	ntDontcount_lab	1	0.2
168.284	t_Dontcount_lab	1	0.2
168.84	ntDontcount_lab	1	0.2
169.392	ntDontcount_lab	1	0.2
169.948	ntDontcount_lab	1	0.2
170.502	ntDontcount_lab	1	0.2
171.058	t_Dontcount_lab	1	0.2
171.614	ntDontcount_lab	1	0.2
172.166	ntDontcount_lab	1	0.2
172.72	ntDontcount_lab	1	0.2
173.276	ntDontcount_lab	1	0.2
173.83	ntDontcount_lab	1	0.2
174.384	ntDontcount_lab	1	0.2
174.96	ntDontcount_lab	1	0.2
175.516	ntDontcount_lab	1	0.2
176.092	t_Dontcount_lab	1	0.2
176.648	ntDontcount_lab	1	0.2
177.202	t_Dontcount_lab	1	0.2
177.756	t_Dontcount_lab	1	0.2
178.312	ntDontcount_lab	1	0.2
178.888	t_Dontcount_lab	1	0.2
179.464	ntDontcount_lab	1	0.2
180.016	ntDontcount_lab	1	0.2
180.572	ntDontcount_lab	1	0.2
181.128	t_Dontcount_lab	1	0.2
181.682	ntDontcount_lab	1	0.2
182.236	t_Dontcount_lab	1	0.2
182.814	ntDontcount_lab	1	0.2
183.388	t_Dontcount_lab	1	0.2
183.944	ntDontcount_lab	1	0.2
184.498	t_Dontcount_lab	1	0.2
185.054	ntDontcount_lab	1	0.2
185.606	ntDontcount_lab	1	0.2
186.16	ntDontcount_lab	1	0.2
186.716	ntDontcount_lab	1	0.2
187.292	ntDontcount_lab	1	0.2
187.846	ntDontcount_lab	1	0.2
188.422	ntDontcount_lab	1	0.2
188.976	ntDontcount_lab	1	0.2
189.532	ntDontcount_lab	1	0.2
190.088	t_Dontcount_lab	1	0.2
191.75	ntDontcount_lab	1	0.2
192.306	t_Dontcount_lab	1	0.2
192.882	ntDontcount_lab	1	0.2
193.436	ntDontcount_lab	1	0.2
195.144	t_Dontcount_lab	1	0.2
195.72	ntDontcount_lab	1	0.2
196.274	t_Dontcount_lab	1	0.2
196.83	ntDontcount_lab	1	0.2
197.382	ntDontcount_lab	1	0.2
197.938	t_Dontcount_lab	1	0.2
198.488	ntDontcount_lab	1	0.2
199.046	ntDontcount_lab	1	0.2
199.6	ntDontcount_lab	1	0.2
200.156	t_Dontcount_lab	1	0.2
200.706	ntDontcount_lab	1	0.2
201.264	ntDontcount_lab	1	0.2
201.82	ntDontcount_lab	1	0.2
202.374	ntDontcount_lab	1	0.2
202.928	ntDontcount_lab	1	0.2
203.506	t_Dontcount_lab	1	0.2
204.082	ntDontcount_lab	1	0.2
204.636	ntDontcount_lab	1	0.2
205.192	t_Dontcount_lab	1	0.2
205.746	ntDontcount_lab	1	0.2
206.32	ntDontcount_lab	1	0.2
206.876	t_Dontcount_lab	1	0.2
207.452	t_Dontcount_lab	1	0.2
208.008	ntDontcount_lab	1	0.2
208.56	ntDontcount_lab	1	0.2
209.116	ntDontcount_lab	1	0.2
209.692	ntDontcount_lab	1	0.2
210.248	t_Dontcount_lab	1	0.2
210.802	t_Dontcount_lab	1	0.2
211.374	ntDontcount_lab	1	0.2
211.932	ntDontcount_lab	1	0.2
212.486	ntDontcount_lab	1	0.2
213.042	t_Dontcount_lab	1	0.2
213.598	ntDontcount_lab	1	0.2
214.15	ntDontcount_lab	1	0.2
214.726	ntDontcount_lab	1	0.2
215.302	ntDontcount_lab	1	0.2
215.856	ntDontcount_lab	1	0.2
216.412	ntDontcount_lab	1	0.2
216.966	ntDontcount_lab	1	0.2
217.52	ntDontcount_lab	1	0.2
218.078	ntDontcount_lab	1	0.2
218.652	ntDontcount_lab	1	0.2
219.206	ntDontcount_lab	1	0.2
219.782	ntDontcount_lab	1	0.2
220.338	ntDontcount_lab	1	0.2
220.892	ntDontcount_lab	1	0.2
221.448	ntDontcount_lab	1	0.2
222.002	ntDontcount_lab	1	0.2
222.556	t_Dontcount_lab	1	0.2
223.104	ntDontcount_lab	1	0.2
223.666	ntDontcount_lab	1	0.2
224.242	ntDontcount_lab	1	0.2
224.798	ntDontcount_lab	1	0.2
225.394	ntDontcount_lab	1	0.2
225.95	ntDontcount_lab	1	0.2
226.504	t_Dontcount_lab	1	0.2
227.058	t_Dontcount_lab	1	0.2
227.634	t_Dontcount_lab	1	0.2
228.206	ntDontcount_lab	1	0.2
228.764	ntDontcount_lab	1	0.2
229.318	ntDontcount_lab	1	0.2
229.894	ntDontcount_lab	1	0.2
230.45	t_Dontcount_lab	1	0.2
231.006	ntDontcount_lab	1	0.2
231.58	ntDontcount_lab	1	0.2
232.156	ntDontcount_lab	1	0.2
232.712	t_Dontcount_lab	1	0.2
233.266	ntDontcount_lab	1	0.2
233.82	ntDontcount_lab	1	0.2
234.374	ntDontcount_lab	1	0.2
234.952	ntDontcount_lab	1	0.2
235.506	ntDontcount_lab	1	0.2
236.082	ntDontcount_lab	1	0.2
236.638	ntDontcount_lab	1	0.2
237.192	ntDontcount_lab	1	0.2
237.746	ntDontcount_lab	1	0.2
238.302	ntDontcount_lab	1	0.2
238.856	ntDontcount_lab	1	0.2
239.432	ntDontcount_lab	1	0.2
240.008	ntDontcount_lab	1	0.2
240.562	t_Dontcount_lab	1	0.2
241.116	t_Dontcount_lab	1	0.2
241.664	ntDontcount_lab	1	0.2
242.226	t_Dontcount_lab	1	0.2
242.782	ntDontcount_lab	1	0.2
243.336	ntDontcount_lab	1	0.2
243.89	ntDontcount_lab	1	0.2
244.464	ntDontcount_lab	1	0.2
245.042	ntDontcount_lab	1	0.2
245.598	ntDontcount_lab	1	0.2
246.172	t_Dontcount_lab	1	0.2
246.744	ntDontcount_lab	1	0.2
247.304	ntDontcount_lab	1	0.2
247.858	ntDontcount_lab	1	0.2
248.414	ntDontcount_lab	1	0.2
248.968	ntDontcount_lab	1	0.2
249.522	ntDontcount_lab	1	0.2
250.078	ntDontcount_lab	1	0.2
250.632	ntDontcount_lab	1	0.2
251.186	ntDontcount_lab	1	0.2
251.742	ntDontcount_lab	1	0.2
252.318	ntDontcount_lab	1	0.2
252.872	ntDontcount_lab	1	0.2
253.426	ntDontcount_lab	1	0.2
253.982	ntDontcount_lab	1	0.2
254.536	ntDontcount_lab	1	0.2
255.09	ntDontcount_lab	1	0.2
255.666	ntDontcount_lab	1	0.2
256.242	ntDontcount_lab	1	0.2
256.798	ntDontcount_lab	1	0.2
257.352	ntDontcount_lab	1	0.2
257.906	ntDontcount_lab	1	0.2
258.462	ntDontcount_lab	1	0.2
259.038	ntDontcount_lab	1	0.2
259.592	ntDontcount_lab	1	0.2
260.146	ntDontcount_lab	1	0.2
260.722	t_Dontcount_lab	1	0.2
261.272	ntDontcount_lab	1	0.2
261.832	ntDontcount_lab	1	0.2
262.386	ntDontcount_lab	1	0.2
262.942	ntDontcount_lab	1	0.2
263.518	ntDontcount_lab	1	0.2
264.072	ntDontcount_lab	1	0.2
264.648	ntDontcount_lab	1	0.2
265.202	ntDontcount_lab	1	0.2
265.778	ntDontcount_lab	1	0.2
266.334	ntDontcount_lab	1	0.2
266.888	ntDontcount_lab	1	0.2
267.464	ntDontcount_lab	1	0.2
268.018	ntDontcount_lab	1	0.2
268.574	ntDontcount_lab	1	0.2
269.128	ntDontcount_lab	1	0.2
269.682	ntDontcount_lab	1	0.2
270.238	ntDontcount_lab	1	0.2
270.814	ntDontcount_lab	1	0.2
271.368	ntDontcount_lab	1	0.2
271.922	t_Dontcount_lab	1	0.2
272.476	t_Dontcount_lab	1	0.2
273.052	t_Dontcount_lab	1	0.2
273.608	t_Dontcount_lab	1	0.2
274.162	ntDontcount_lab	1	0.2
274.718	ntDontcount_lab	1	0.2
275.27	ntDontcount_lab	1	0.2
275.848	ntDontcount_lab	1	0.2
276.422	ntDontcount_lab	1	0.2
276.978	ntDontcount_lab	1	0.2
277.534	ntDontcount_lab	1	0.2
278.088	ntDontcount_lab	1	0.2
278.642	ntDontcount_lab	1	0.2
279.198	ntDontcount_lab	1	0.2
279.774	ntDontcount_lab	1	0.2
280.328	ntDontcount_lab	1	0.2
280.904	ntDontcount_lab	1	0.2
281.458	t_Dontcount_lab	1	0.2
282.012	t_Dontcount_lab	1	0.2
282.56	ntDontcount_lab	1	0.2
283.122	ntDontcount_lab	1	0.2
283.676	t_Dontcount_lab	1	0.2
284.232	ntDontcount_lab	1	0.2
284.786	ntDontcount_lab	1	0.2
285.362	ntDontcount_lab	1	0.2
285.916	ntDontcount_lab	1	0.2
286.492	t_Dontcount_lab	1	0.2
287.048	ntDontcount_lab	1	0.2
287.624	ntDontcount_lab	1	0.2
288.176	ntDontcount_lab	1	0.2
288.754	t_Dontcount_lab	1	0.2
289.304	ntDontcount_lab	1	0.2
289.862	ntDontcount_lab	1	0.2
290.416	ntDontcount_lab	1	0.2
290.972	ntDontcount_lab	1	0.2
291.528	t_Dontcount_lab	1	0.2
292.104	ntDontcount_lab	1	0.2
292.678	ntDontcount_lab	1	0.2
293.256	ntDontcount_lab	1	0.2
293.81	ntDontcount_lab	1	0.2
294.366	ntDontcount_lab	1	0.2
294.92	ntDontcount_lab	1	0.2
295.474	ntDontcount_lab	1	0.2
296.028	t_Dontcount_lab	1	0.2
296.6	ntDontcount_lab	1	0.2
297.158	ntDontcount_lab	1	0.2
297.712	ntDontcount_lab	1	0.2
298.27	ntDontcount_lab	1	0.2
298.822	ntDontcount_lab	1	0.2
299.4	ntDontcount_lab	1	0.2
299.954	t_Dontcount_lab	1	0.2
300.51	ntDontcount_lab	1	0.2
301.064	ntDontcount_lab	1	0.2
301.618	ntDontcount_lab	1	0.2
302.194	ntDontcount_lab	1	0.2
302.75	ntDontcount_lab	1	0.2
303.304	t_Dontcount_lab	1	0.2
303.854	ntDontcount_lab	1	0.2
304.414	ntDontcount_lab	1	0.2
304.968	ntDontcount_lab	1	0.2
305.544	ntDontcount_lab	1	0.2
306.098	ntDontcount_lab	1	0.2
306.674	ntDontcount_lab	1	0.2
307.23	ntDontcount_lab	1	0.2
307.784	ntDontcount_lab	1	0.2
308.338	t_Dontcount_lab	1	0.2
308.914	ntDontcount_lab	1	0.2
309.468	t_Dontcount_lab	1	0.2
310.018	ntDontcount_lab	1	0.2
310.578	ntDontcount_lab	1	0.2
311.132	ntDontcount_lab	1	0.2
311.688	ntDontcount_lab	1	0.2
312.264	ntDontcount_lab	1	0.2
312.84	ntDontcount_lab	1	0.2
313.394	ntDontcount_lab	1	0.2
313.95	ntDontcount_lab	1	0.2
314.504	ntDontcount_lab	1	0.2
315.058	ntDontcount_lab	1	0.2
315.614	ntDontcount_lab	1	0.2
316.19	ntDontcount_lab	1	0.2
316.766	ntDontcount_lab	1	0.2
317.32	ntDontcount_lab	1	0.2
317.874	ntDontcount_lab	1	0.2
318.45	ntDontcount_lab	1	0.2
319.006	ntDontcount_lab	1	0.2
319.56	ntDontcount_lab	1	0.2
320.114	ntDontcount_lab	1	0.2
320.67	ntDontcount_lab	1	0.2
321.224	ntDontcount_lab	1	0.2
321.778	ntDontcount_lab	1	0.2
322.332	t_Dontcount_lab	1	0.2
322.882	ntDontcount_lab	1	0.2
323.464	ntDontcount_lab	1	0.2
324.04	ntDontcount_lab	1	0.2
324.594	t_Dontcount_lab	1	0.2
325.144	ntDontcount_lab	1	0.2
325.726	ntDontcount_lab	1	0.2
326.28	ntDontcount_lab	1	0.2
326.834	ntDontcount_lab	1	0.2
327.39	ntDontcount_lab	1	0.2
327.944	ntDontcount_lab	1	0.2
328.498	ntDontcount_lab	1	0.2
329.052	t_Dontcount_lab	1	0.2
329.63	ntDontcount_lab	1	0.2
330.206	ntDontcount_lab	1	0.2
330.76	t_Dontcount_lab	1	0.2
331.31	ntDontcount_lab	1	0.2
331.87	ntDontcount_lab	1	0.2
332.424	ntDontcount_lab	1	0.2
332.978	t_Dontcount_lab	1	0.2
333.528	ntDontcount_lab	1	0.2
334.088	ntDontcount_lab	1	0.2
334.642	ntDontcount_lab	1	0.2
335.198	ntDontcount_lab	1	0.2
335.752	ntDontcount_lab	1	0.2
336.306	ntDontcount_lab	1	0.2
336.882	t_Dontcount_lab	1	0.2
337.432	ntDontcount_lab	1	0.2
337.992	t_Dontcount_lab	1	0.2
338.542	ntDontcount_lab	1	0.2
339.102	ntDontcount_lab	1	0.2
339.656	ntDontcount_lab	1	0.2
340.232	ntDontcount_lab	1	0.2
340.808	t_Dontcount_lab	1	0.2
341.378	ntDontcount_lab	1	0.2
341.938	ntDontcount_lab	1	0.2
342.514	ntDontcount_lab	1	0.2
343.07	ntDontcount_lab	1	0.2
343.624	ntDontcount_lab	1	0.2
344.178	ntDontcount_lab	1	0.2
344.754	ntDontcount_lab	1	0.2
345.352	t_Dontcount_lab	1	0.2
345.906	t_Dontcount_lab	1	0.2
346.46	t_Dontcount_lab	1	0.2
347.016	ntDontcount_lab	1	0.2
347.59	ntDontcount_lab	1	0.2
348.144	ntDontcount_lab	1	0.2
348.7	ntDontcount_lab	1	0.2
349.276	ntDontcount_lab	1	0.2
349.852	ntDontcount_lab	1	0.2
350.406	ntDontcount_lab	1	0.2
350.984	t_Dontcount_lab	1	0.2
351.538	ntDontcount_lab	1	0.2
352.112	ntDontcount_lab	1	0.2
352.67	ntDontcount_lab	1	0.2
353.224	ntDontcount_lab	1	0.2
353.778	t_Dontcount_lab	1	0.2
354.334	ntDontcount_lab	1	0.2
354.888	ntDontcount_lab	1	0.2
355.464	ntDontcount_lab	1	0.2
356.018	ntDontcount_lab	1	0.2
356.574	ntDontcount_lab	1	0.2
357.15	t_Dontcount_lab	1	0.2
357.704	ntDontcount_lab	1	0.2
358.258	ntDontcount_lab	1	0.2
358.814	ntDontcount_lab	1	0.2
359.368	ntDontcount_lab	1	0.2
359.944	ntDontcount_lab	1	0.2
360.498	ntDontcount_lab	1	0.2
361.074	ntDontcount_lab	1	0.2
361.63	ntDontcount_lab	1	0.2
362.206	ntDontcount_lab	1	0.2
362.782	ntDontcount_lab	1	0.2
363.358	ntDontcount_lab	1	0.2
363.934	ntDontcount_lab	1	0.2
364.488	ntDontcount_lab	1	0.2
365.064	t_Dontcount_lab	1	0.2
365.614	ntDontcount_lab	1	0.2
366.174	ntDontcount_lab	1	0.2
366.728	t_Dontcount_lab	1	0.2
367.304	t_Dontcount_lab	1	0.2
367.854	ntDontcount_lab	1	0.2
368.414	ntDontcount_lab	1	0.2
368.99	ntDontcount_lab	1	0.2
369.544	t_Dontcount_lab	1	0.2
370.114	ntDontcount_lab	1	0.2
370.674	t_Dontcount_lab	1	0.2
371.224	ntDontcount_lab	1	0.2
371.804	ntDontcount_lab	1	0.2
372.36	ntDontcount_lab	1	0.2
372.914	t_Dontcount_lab	1	0.2
373.486	ntDontcount_lab	1	0.2
374.066	ntDontcount_lab	1	0.2
374.622	ntDontcount_lab	1	0.2
375.174	ntDontcount_lab	1	0.2
375.73	ntDontcount_lab	1	0.2
376.286	ntDontcount_lab	1	0.2
376.882	ntDontcount_lab	1	0.2
377.458	ntDontcount_lab	1	0.2
378.012	t_Dontcount_lab	1	0.2
378.562	ntDontcount_lab	1	0.2
379.122	t_Dontcount_lab	1	0.2
379.678	ntDontcount_lab	1	0.2
380.232	ntDontcount_lab	1	0.2
380.786	t_Dontcount_lab	1	0.2
381.332	ntDontcount_lab	1	0.2
381.896	ntDontcount_lab	1	0.2
382.472	ntDontcount_lab	1	0.2
383.026	ntDontcount_lab	1	0.2
383.58	t_Dontcount_lab	1	0.2
384.136	ntDontcount_lab	1	0.2
384.712	ntDontcount_lab	1	0.2
385.264	ntDontcount_lab	1	0.2
385.842	t_Dontcount_lab	1	0.2
386.392	ntDontcount_lab	1	0.2
386.95	ntDontcount_lab	1	0.2
387.506	ntDontcount_lab	1	0.2
388.082	t_Dontcount_lab	1	0.2
388.632	ntDontcount_lab	1	0.2
389.214	ntDontcount_lab	1	0.2
389.79	ntDontcount_lab	1	0.2
390.344	ntDontcount_lab	1	0.2
390.898	ntDontcount_lab	1	0.2
391.454	ntDontcount_lab	1	0.2
392.008	ntDontcount_lab	1	0.2
392.584	ntDontcount_lab	1	0.2
393.138	t_Dontcount_lab	1	0.2
393.688	ntDontcount_lab	1	0.2
394.248	t_Dontcount_lab	1	0.2
394.824	t_Dontcount_lab	1	0.2
395.374	ntDontcount_lab	1	0.2
395.932	ntDontcount_lab	1	0.2
396.486	ntDontcount_lab	1	0.2
397.062	ntDontcount_lab	1	0.2
397.64	ntDontcount_lab	1	0.2
398.216	ntDontcount_lab	1	0.2
398.77	ntDontcount_lab	1	0.2
399.324	t_Dontcount_lab	1	0.2
399.88	ntDontcount_lab	1	0.2
400.432	ntDontcount_lab	1	0.2
400.988	t_Dontcount_lab	1	0.2
401.56	ntDontcount_lab	1	0.2
402.14	ntDontcount_lab	1	0.2
402.716	ntDontcount_lab	1	0.2
403.27	ntDontcount_lab	1	0.2
403.826	t_Dontcount_lab	1	0.2
404.398	ntDontcount_lab	1	0.2
404.956	ntDontcount_lab	1	0.2
405.51	ntDontcount_lab	1	0.2
406.064	ntDontcount_lab	1	0.2
406.642	t_Dontcount_lab	1	0.2
407.218	ntDontcount_lab	1	0.2
407.772	t_Dontcount_lab	1	0.2
408.328	t_Dontcount_lab	1	0.2
408.882	ntDontcount_lab	1	0.2
409.436	ntDontcount_lab	1	0.2
410.012	ntDontcount_lab	1	0.2
410.566	ntDontcount_lab	1	0.2
411.142	ntDontcount_lab	1	0.2
411.72	t_Dontcount_lab	1	0.2
412.296	ntDontcount_lab	1	0.2
412.848	ntDontcount_lab	1	0.2
413.404	t_Dontcount_lab	1	0.2
413.982	ntDontcount_lab	1	0.2
414.536	t_Dontcount_lab	1	0.2
415.086	ntDontcount_lab	1	0.2
415.644	ntDontcount_lab	1	0.2
416.198	ntDontcount_lab	1	0.2
416.754	t_Dontcount_lab	1	0.2
417.31	ntDontcount_lab	1	0.2
417.862	ntDontcount_lab	1	0.2
418.418	ntDontcount_lab	1	0.2
418.972	ntDontcount_lab	1	0.2
419.526	ntDontcount_lab	1	0.2
420.08	ntDontcount_lab	1	0.2
420.636	t_Dontcount_lab	1	0.2
421.214	ntDontcount_lab	1	0.2
421.766	ntDontcount_lab	1	0.2
425.762	t_Dontcount_oval	1	0.2
426.316	ntDontcount_oval	1	0.2
426.87	ntDontcount_oval	1	0.2
427.426	ntDontcount_oval	1	0.2
427.982	t_Dontcount_oval	1	0.2
428.558	ntDontcount_oval	1	0.2
429.11	ntDontcount_oval	1	0.2
429.666	ntDontcount_oval	1	0.2
430.22	ntDontcount_oval	1	0.2
430.796	ntDontcount_oval	1	0.2
431.35	ntDontcount_oval	1	0.2
431.926	ntDontcount_oval	1	0.2
432.482	ntDontcount_oval	1	0.2
433.036	ntDontcount_oval	1	0.2
433.612	ntDontcount_oval	1	0.2
434.166	ntDontcount_oval	1	0.2
434.742	ntDontcount_oval	1	0.2
435.32	t_Dontcount_oval	1	0.2
435.876	ntDontcount_oval	1	0.2
436.428	ntDontcount_oval	1	0.2
436.982	ntDontcount_oval	1	0.2
437.538	t_Dontcount_oval	1	0.2
438.094	ntDontcount_oval	1	0.2
438.648	t_Dontcount_oval	1	0.2
439.202	t_Dontcount_oval	1	0.2
439.758	ntDontcount_oval	1	0.2
440.31	ntDontcount_oval	1	0.2
440.866	ntDontcount_oval	1	0.2
441.42	ntDontcount_oval	1	0.2
441.976	t_Dontcount_oval	1	0.2
442.532	ntDontcount_oval	1	0.2
443.084	ntDontcount_oval	1	0.2
443.638	ntDontcount_oval	1	0.2
444.214	ntDontcount_oval	1	0.2
444.77	ntDontcount_oval	1	0.2
445.326	t_Dontcount_oval	1	0.2
445.88	t_Dontcount_oval	1	0.2
446.436	ntDontcount_oval	1	0.2
448.118	ntDontcount_oval	1	0.2
448.674	ntDontcount_oval	1	0.2
449.228	ntDontcount_oval	1	0.2
449.804	ntDontcount_oval	1	0.2
450.358	ntDontcount_oval	1	0.2
451.468	ntDontcount_oval	1	0.2
453.688	t_Dontcount_oval	1	0.2
454.244	ntDontcount_oval	1	0.2
454.796	ntDontcount_oval	1	0.2
455.35	ntDontcount_oval	1	0.2
455.906	ntDontcount_oval	1	0.2
456.46	ntDontcount_oval	1	0.2
457.016	t_Dontcount_oval	1	0.2
457.572	ntDontcount_oval	1	0.2
458.146	ntDontcount_oval	1	0.2
458.702	t_Dontcount_oval	1	0.2
459.256	ntDontcount_oval	1	0.2
459.83	ntDontcount_oval	1	0.2
460.386	ntDontcount_oval	1	0.2
460.94	ntDontcount_oval	1	0.2
461.494	ntDontcount_oval	1	0.2
462.05	ntDontcount_oval	1	0.2
462.604	ntDontcount_oval	1	0.2
463.16	t_Dontcount_oval	1	0.2
463.736	ntDontcount_oval	1	0.2
464.29	t_Dontcount_oval	1	0.2
464.868	ntDontcount_oval	1	0.2
465.442	t_Dontcount_oval	1	0.2
465.998	ntDontcount_oval	1	0.2
466.55	ntDontcount_oval	1	0.2
467.15	t_Dontcount_oval	1	0.2
467.704	ntDontcount_oval	1	0.2
469.388	ntDontcount_oval	1	0.2
469.942	ntDontcount_oval	1	0.2
470.498	ntDontcount_oval	1	0.2
471.052	ntDontcount_oval	1	0.2
471.608	t_Dontcount_oval	1	0.2
473.272	t_Dontcount_oval	1	0.2
473.828	ntDontcount_oval	1	0.2
474.38	ntDontcount_oval	1	0.2
474.956	ntDontcount_oval	1	0.2
475.532	ntDontcount_oval	1	0.2
476.13	ntDontcount_oval	1	0.2
476.686	t_Dontcount_oval	1	0.2
478.904	t_Dontcount_oval	1	0.2
479.46	ntDontcount_oval	1	0.2
480.588	ntDontcount_oval	1	0.2
482.252	ntDontcount_oval	1	0.2
482.806	ntDontcount_oval	1	0.2
483.382	ntDontcount_oval	1	0.2
483.938	t_Dontcount_oval	1	0.2
484.516	ntDontcount_oval	1	0.2
485.068	ntDontcount_oval	1	0.2
486.2	t_Dontcount_oval	1	0.2
486.756	ntDontcount_oval	1	0.2
487.308	ntDontcount_oval	1	0.2
487.884	ntDontcount_oval	1	0.2
488.46	ntDontcount_oval	1	0.2
489.014	ntDontcount_oval	1	0.2
489.57	ntDontcount_oval	1	0.2
490.126	t_Dontcount_oval	1	0.2
490.68	ntDontcount_oval	1	0.2
491.254	ntDontcount_oval	1	0.2
491.81	ntDontcount_oval	1	0.2
492.364	ntDontcount_oval	1	0.2
492.94	ntDontcount_oval	1	0.2
493.516	ntDontcount_oval	1	0.2
494.072	t_Dontcount_oval	1	0.2
494.628	ntDontcount_oval	1	0.2
495.18	ntDontcount_oval	1	0.2
495.736	t_Dontcount_oval	1	0.2
497.42	ntDontcount_oval	1	0.2
498.55	ntDontcount_oval	1	0.2
499.662	t_Dontcount_oval	1	0.2
500.238	ntDontcount_oval	1	0.2
500.79	ntDontcount_oval	1	0.2
501.366	ntDontcount_oval	1	0.2
501.922	ntDontcount_oval	1	0.2
502.478	t_Dontcount_oval	1	0.2
503.032	ntDontcount_oval	1	0.2
503.586	ntDontcount_oval	1	0.2
504.142	t_Dontcount_oval	1	0.2
504.718	ntDontcount_oval	1	0.2
505.27	ntDontcount_oval	1	0.2
505.846	ntDontcount_oval	1	0.2
506.402	ntDontcount_oval	1	0.2
506.956	ntDontcount_oval	1	0.2
507.51	ntDontcount_oval	1	0.2
508.066	ntDontcount_oval	1	0.2
508.642	ntDontcount_oval	1	0.2
509.75	ntDontcount_oval	1	0.2
510.306	ntDontcount_oval	1	0.2
510.862	t_Dontcount_oval	1	0.2
511.438	ntDontcount_oval	1	0.2
511.99	ntDontcount_oval	1	0.2
512.566	ntDontcount_oval	1	0.2
513.122	t_Dontcount_oval	1	0.2
513.678	t_Dontcount_oval	1	0.2
514.232	t_Dontcount_oval	1	0.2
514.788	ntDontcount_oval	1	0.2
515.916	ntDontcount_oval	1	0.2
516.472	t_Dontcount_oval	1	0.2
517.07	ntDontcount_oval	1	0.2
517.622	ntDontcount_oval	1	0.2
518.178	t_Dontcount_oval	1	0.2
518.734	ntDontcount_oval	1	0.2
519.286	ntDontcount_oval	1	0.2
519.842	ntDontcount_oval	1	0.2
520.418	ntDontcount_oval	1	0.2
520.972	ntDontcount_oval	1	0.2
521.57	ntDontcount_oval	1	0.2
522.146	ntDontcount_oval	1	0.2
523.254	ntDontcount_oval	1	0.2
524.94	ntDontcount_oval	1	0.2
525.494	ntDontcount_oval	1	0.2
526.05	ntDontcount_oval	1	0.2
526.606	t_Dontcount_oval	1	0.2
527.182	ntDontcount_oval	1	0.2
527.756	ntDontcount_oval	1	0.2
528.31	ntDontcount_oval	1	0.2
528.886	ntDontcount_oval	1	0.2
529.442	ntDontcount_oval	1	0.2
529.996	ntDontcount_oval	1	0.2
530.552	t_Dontcount_oval	1	0.2
531.128	ntDontcount_oval	1	0.2
532.834	ntDontcount_oval	1	0.2
533.388	ntDontcount_oval	1	0.2
533.942	ntDontcount_oval	1	0.2
534.498	ntDontcount_oval	1	0.2
535.052	ntDontcount_oval	1	0.2
535.606	ntDontcount_oval	1	0.2
537.314	ntDontcount_oval	1	0.2
537.868	ntDontcount_oval	1	0.2
539.532	ntDontcount_oval	1	0.2
540.086	ntDontcount_oval	1	0.2
540.662	ntDontcount_oval	1	0.2
542.348	ntDontcount_oval	1	0.2
542.902	ntDontcount_oval	1	0.2
543.458	ntDontcount_oval	1	0.2
544.012	ntDontcount_oval	1	0.2
544.59	t_Dontcount_oval	1	0.2
545.144	t_Dontcount_oval	1	0.2
545.72	ntDontcount_oval	1	0.2
547.404	ntDontcount_oval	1	0.2
547.958	ntDontcount_oval	1	0.2
548.534	ntDontcount_oval	1	0.2
549.112	t_Dontcount_oval	1	0.2
549.668	ntDontcount_oval	1	0.2
550.22	ntDontcount_oval	1	0.2
550.796	ntDontcount_oval	1	0.2
551.35	ntDontcount_oval	1	0.2
551.906	ntDontcount_oval	1	0.2
552.482	ntDontcount_oval	1	0.2
553.058	ntDontcount_oval	1	0.2
553.612	ntDontcount_oval	1	0.2
554.166	ntDontcount_oval	1	0.2
554.722	t_Dontcount_oval	1	0.2
555.278	ntDontcount_oval	1	0.2
555.83	ntDontcount_oval	1	0.2
556.386	t_Dontcount_oval	1	0.2
556.942	ntDontcount_oval	1	0.2
557.538	ntDontcount_oval	1	0.2
559.756	ntDontcount_oval	1	0.2
560.332	ntDontcount_oval	1	0.2
561.462	ntDontcount_oval	1	0.2
562.04	t_Dontcount_oval	1	0.2
562.616	ntDontcount_oval	1	0.2
563.17	t_Dontcount_oval	1	0.2
563.726	ntDontcount_oval	1	0.2
564.278	ntDontcount_oval	1	0.2
564.856	t_Dontcount_oval	1	0.2
565.432	ntDontcount_oval	1	0.2
565.986	ntDontcount_oval	1	0.2
566.54	ntDontcount_oval	1	0.2
567.116	ntDontcount_oval	1	0.2
567.692	ntDontcount_oval	1	0.2
568.246	ntDontcount_oval	1	0.2
568.802	ntDontcount_oval	1	0.2
569.356	ntDontcount_oval	1	0.2
570.468	ntDontcount_oval	1	0.2
571.02	ntDontcount_oval	1	0.2
571.574	ntDontcount_oval	1	0.2
572.13	ntDontcount_oval	1	0.2
572.706	ntDontcount_oval	1	0.2
574.39	ntDontcount_oval	1	0.2
574.966	ntDontcount_oval	1	0.2
575.544	t_Dontcount_oval	1	0.2
576.654	t_Dontcount_oval	1	0.2
577.23	ntDontcount_oval	1	0.2
577.804	ntDontcount_oval	1	0.2
578.36	t_Dontcount_oval	1	0.2
578.916	ntDontcount_oval	1	0.2
579.47	t_Dontcount_oval	1	0.2
580.578	ntDontcount_oval	1	0.2
581.154	ntDontcount_oval	1	0.2
583.99	ntDontcount_oval	1	0.2
584.566	ntDontcount_oval	1	0.2
585.122	ntDontcount_oval	1	0.2
585.698	ntDontcount_oval	1	0.2
586.806	ntDontcount_oval	1	0.2
587.362	ntDontcount_oval	1	0.2
587.916	ntDontcount_oval	1	0.2
588.47	ntDontcount_oval	1	0.2
589.58	ntDontcount_oval	1	0.2
590.156	ntDontcount_oval	1	0.2
590.712	t_Dontcount_oval	1	0.2
591.288	ntDontcount_oval	1	0.2
591.842	t_Dontcount_oval	1	0.2
592.398	ntDontcount_oval	1	0.2
592.952	t_Dontcount_oval	1	0.2
593.508	ntDontcount_oval	1	0.2
594.06	ntDontcount_oval	1	0.2
594.614	ntDontcount_oval	1	0.2
595.17	ntDontcount_oval	1	0.2
595.724	ntDontcount_oval	1	0.2
596.28	t_Dontcount_oval	1	0.2
596.836	ntDontcount_oval	1	0.2
597.388	ntDontcount_oval	1	0.2
597.964	ntDontcount_oval	1	0.2
598.54	ntDontcount_oval	1	0.2
599.116	ntDontcount_oval	1	0.2
599.67	ntDontcount_oval	1	0.2
600.226	ntDontcount_oval	1	0.2
600.782	t_Dontcount_oval	1	0.2
601.358	ntDontcount_oval	1	0.2
603.042	t_Dontcount_oval	1	0.2
603.598	ntDontcount_oval	1	0.2
604.15	ntDontcount_oval	1	0.2
604.726	ntDontcount_oval	1	0.2
606.412	ntDontcount_oval	1	0.2
606.966	ntDontcount_oval	1	0.2
608.632	t_Dontcount_oval	1	0.2
609.208	ntDontcount_oval	1	0.2
609.762	ntDontcount_oval	1	0.2
610.316	ntDontcount_oval	1	0.2
610.872	t_Dontcount_oval	1	0.2
611.448	ntDontcount_oval	1	0.2
612.002	ntDontcount_oval	1	0.2
612.556	ntDontcount_oval	1	0.2
613.11	ntDontcount_oval	1	0.2
613.688	t_Dontcount_oval	1	0.2
614.244	ntDontcount_oval	1	0.2
614.796	ntDontcount_oval	1	0.2
615.35	ntDontcount_oval	1	0.2
615.906	ntDontcount_oval	1	0.2
616.46	ntDontcount_oval	1	0.2
617.014	ntDontcount_oval	1	0.2
617.57	t_Dontcount_oval	1	0.2
618.126	ntDontcount_oval	1	0.2
618.7	ntDontcount_oval	1	0.2
619.276	ntDontcount_oval	1	0.2
619.83	ntDontcount_oval	1	0.2
620.406	ntDontcount_oval	1	0.2
620.962	ntDontcount_oval	1	0.2
621.516	ntDontcount_oval	1	0.2
622.092	ntDontcount_oval	1	0.2
622.646	ntDontcount_oval	1	0.2
623.202	ntDontcount_oval	1	0.2
623.756	ntDontcount_oval	1	0.2
624.31	ntDontcount_oval	1	0.2
624.886	ntDontcount_oval	1	0.2
626.574	ntDontcount_oval	1	0.2
627.128	t_Dontcount_oval	1	0.2
627.684	ntDontcount_oval	1	0.2
628.236	ntDontcount_oval	1	0.2
628.792	t_Dontcount_oval	1	0.2
629.902	t_Dontcount_oval	1	0.2
630.456	ntDontcount_oval	1	0.2
631.03	ntDontcount_oval	1	0.2
631.606	ntDontcount_oval	1	0.2
632.162	ntDontcount_oval	1	0.2
632.716	ntDontcount_oval	1	0.2
634.422	ntDontcount_oval	1	0.2
634.978	t_Dontcount_oval	1	0.2
635.534	ntDontcount_oval	1	0.2
636.086	ntDontcount_oval	1	0.2
636.642	ntDontcount_oval	1	0.2
637.218	ntDontcount_oval	1	0.2
637.772	ntDontcount_oval	1	0.2
638.326	ntDontcount_oval	1	0.2
638.902	ntDontcount_oval	1	0.2
639.458	t_Dontcount_oval	1	0.2
640.014	ntDontcount_oval	1	0.2
640.566	ntDontcount_oval	1	0.2
641.122	ntDontcount_oval	1	0.2
641.676	ntDontcount_oval	1	0.2
642.23	ntDontcount_oval	1	0.2
642.786	ntDontcount_oval	1	0.2
643.342	t_Dontcount_oval	1	0.2
643.896	ntDontcount_oval	1	0.2
644.45	ntDontcount_oval	1	0.2
645.004	ntDontcount_oval	1	0.2
645.56	t_Dontcount_oval	1	0.2
646.136	ntDontcount_oval	1	0.2
646.69	ntDontcount_oval	1	0.2
647.266	ntDontcount_oval	1	0.2
647.82	ntDontcount_oval	1	0.2
648.374	ntDontcount_oval	1	0.2
648.93	ntDontcount_oval	1	0.2
650.614	ntDontcount_oval	1	0.2
651.19	ntDontcount_oval	1	0.2
651.766	ntDontcount_oval	1	0.2
652.322	ntDontcount_oval	1	0.2
652.876	ntDontcount_oval	1	0.2
654.006	ntDontcount_oval	1	0.2
654.562	t_Dontcount_oval	1	0.2
655.118	ntDontcount_oval	1	0.2
655.672	t_Dontcount_oval	1	0.2
656.228	ntDontcount_oval	1	0.2
656.78	ntDontcount_oval	1	0.2
657.356	ntDontcount_oval	1	0.2
657.932	ntDontcount_oval	1	0.2
658.488	t_Dontcount_oval	1	0.2
659.064	ntDontcount_oval	1	0.2
659.618	ntDontcount_oval	1	0.2
660.172	ntDontcount_oval	1	0.2
660.726	ntDontcount_oval	1	0.2
661.836	ntDontcount_oval	1	0.2
662.948	ntDontcount_oval	1	0.2
663.5	ntDontcount_oval	1	0.2
664.054	ntDontcount_oval	1	0.2
665.74	ntDontcount_oval	1	0.2
666.316	ntDontcount_oval	1	0.2
666.87	ntDontcount_oval	1	0.2
667.426	ntDontcount_oval	1	0.2
667.98	ntDontcount_oval	1	0.2
668.534	ntDontcount_oval	1	0.2
669.09	ntDontcount_oval	1	0.2
669.644	ntDontcount_oval	1	0.2
670.198	ntDontcount_oval	1	0.2
670.774	ntDontcount_oval	1	0.2
671.33	ntDontcount_oval	1	0.2
671.884	ntDontcount_oval	1	0.2
672.438	ntDontcount_oval	1	0.2
673.038	t_Dontcount_oval	1	0.2
674.722	ntDontcount_oval	1	0.2
676.386	ntDontcount_oval	1	0.2
676.942	t_Dontcount_oval	1	0.2
677.496	ntDontcount_oval	1	0.2
678.05	t_Dontcount_oval	1	0.2
678.628	ntDontcount_oval	1	0.2
679.18	ntDontcount_oval	1	0.2
679.756	ntDontcount_oval	1	0.2
680.334	t_Dontcount_oval	1	0.2
681.462	ntDontcount_oval	1	0.2
682.594	ntDontcount_oval	1	0.2
683.704	ntDontcount_oval	1	0.2
684.258	ntDontcount_oval	1	0.2
684.812	ntDontcount_oval	1	0.2
685.368	ntDontcount_oval	1	0.2
687.032	ntDontcount_oval	1	0.2
687.586	ntDontcount_oval	1	0.2
688.14	ntDontcount_oval	1	0.2
688.696	ntDontcount_oval	1	0.2
689.828	ntDontcount_oval	1	0.2
690.402	ntDontcount_oval	1	0.2
690.958	t_Dontcount_oval	1	0.2
692.642	t_Dontcount_oval	1	0.2
693.198	ntDontcount_oval	1	0.2
693.752	ntDontcount_oval	1	0.2
694.306	t_Dontcount_oval	1	0.2
694.884	ntDontcount_oval	1	0.2
695.436	ntDontcount_oval	1	0.2
696.546	t_Dontcount_oval	1	0.2
697.102	t_Dontcount_oval	1	0.2
697.656	ntDontcount_oval	1	0.2
698.21	ntDontcount_oval	1	0.2
698.764	ntDontcount_oval	1	0.2
699.34	ntDontcount_oval	1	0.2
699.916	ntDontcount_oval	1	0.2
700.472	ntDontcount_oval	1	0.2
701.026	ntDontcount_oval	1	0.2
701.602	ntDontcount_oval	1	0.2
702.158	t_Dontcount_oval	1	0.2
702.712	t_Dontcount_oval	1	0.2
703.288	ntDontcount_oval	1	0.2
703.864	ntDontcount_oval	1	0.2
705.528	ntDontcount_oval	1	0.2
706.082	ntDontcount_oval	1	0.2
706.636	ntDontcount_oval	1	0.2
707.212	ntDontcount_oval	1	0.2
707.79	t_Dontcount_oval	1	0.2
708.366	t_Dontcount_oval	1	0.2
708.92	ntDontcount_oval	1	0.2
709.474	t_Dontcount_oval	1	0.2
711.16	ntDontcount_oval	1	0.2
713.42	ntDontcount_oval	1	0.2
714.53	t_Dontcount_oval	1	0.2
715.086	ntDontcount_oval	1	0.2
718.476	ntDontcount_oval	1	0.2
719.032	ntDontcount_oval	1	0.2
719.608	ntDontcount_oval	1	0.2
720.162	ntDontcount_oval	1	0.2
720.716	ntDontcount_oval	1	0.2
721.272	ntDontcount_oval	1	0.2
721.848	ntDontcount_oval	1	0.2
722.402	ntDontcount_oval	1	0.2
722.956	ntDontcount_oval	1	0.2
723.532	ntDontcount_oval	1	0.2
724.088	ntDontcount_oval	1	0.2
724.642	ntDontcount_oval	1	0.2
725.196	ntDontcount_oval	1	0.2
725.752	ntDontcount_oval	1	0.2
726.328	ntDontcount_oval	1	0.2
726.882	ntDontcount_oval	1	0.2
727.458	t_Dontcount_oval	1	0.2
728.036	ntDontcount_oval	1	0.2
728.588	ntDontcount_oval	1	0.2
729.144	ntDontcount_oval	1	0.2
729.698	ntDontcount_oval	1	0.2
730.252	ntDontcount_oval	1	0.2
730.808	ntDontcount_oval	1	0.2
731.384	ntDontcount_oval	1	0.2
731.938	ntDontcount_oval	1	0.2
732.492	ntDontcount_oval	1	0.2
733.048	t_Dontcount_oval	1	0.2
733.604	ntDontcount_oval	1	0.2
734.158	t_Dontcount_oval	1	0.2
735.842	ntDontcount_oval	1	0.2
736.396	ntDontcount_oval	1	0.2
739.746	ntDontcount_oval	1	0.2
740.876	ntDontcount_oval	1	0.2
741.432	ntDontcount_oval	1	0.2
741.986	ntDontcount_oval	1	0.2
745.358	t_Dontcount_oval	1	0.2
745.912	t_Dontcount_oval	1	0.2
746.49	ntDontcount_oval	1	0.2
747.042	t_Dontcount_oval	1	0.2
747.62	ntDontcount_oval	1	0.2
748.174	t_Dontcount_oval	1	0.2
748.728	t_Dontcount_oval	1	0.2
749.284	ntDontcount_oval	1	0.2
749.836	ntDontcount_oval	1	0.2
750.968	t_Dontcount_oval	1	0.2
753.208	ntDontcount_oval	1	0.2
753.762	ntDontcount_oval	1	0.2
754.338	ntDontcount_oval	1	0.2
754.892	ntDontcount_oval	1	0.2
755.448	t_Dontcount_oval	1	0.2
756.6	ntDontcount_oval	1	0.2
757.176	ntDontcount_oval	1	0.2
757.73	ntDontcount_oval	1	0.2
758.284	ntDontcount_oval	1	0.2
758.84	ntDontcount_oval	1	0.2
761.612	ntDontcount_oval	1	0.2
762.168	ntDontcount_oval	1	0.2
762.722	t_Dontcount_oval	1	0.2
763.278	ntDontcount_oval	1	0.2
763.852	ntDontcount_oval	1	0.2
764.45	ntDontcount_oval	1	0.2
765.58	ntDontcount_oval	1	0.2
766.136	ntDontcount_oval	1	0.2
766.69	ntDontcount_oval	1	0.2
767.8	t_Dontcount_oval	1	0.2
768.378	ntDontcount_oval	1	0.2
768.93	ntDontcount_oval	1	0.2
769.484	ntDontcount_oval	1	0.2
770.04	t_Dontcount_oval	1	0.2
770.596	ntDontcount_oval	1	0.2
771.17	ntDontcount_oval	1	0.2
771.746	ntDontcount_oval	1	0.2
772.322	ntDontcount_oval	1	0.2
775.65	ntDontcount_oval	1	0.2
776.206	t_Dontcount_oval	1	0.2
776.782	ntDontcount_oval	1	0.2
777.336	ntDontcount_oval	1	0.2
777.89	t_Dontcount_oval	1	0.2
778.468	ntDontcount_oval	1	0.2
779.02	ntDontcount_oval	1	0.2
779.596	ntDontcount_oval	1	0.2
781.282	ntDontcount_oval	1	0.2
781.836	ntDontcount_oval	1	0.2
782.392	t_Dontcount_oval	1	0.2
785.806	t_Dontcount_oval	1	0.2
786.36	t_Dontcount_oval	1	0.2
786.916	ntDontcount_oval	1	0.2
789.198	t_Dontcount_oval	1	0.2
790.86	ntDontcount_oval	1	0.2
793.1	ntDontcount_oval	1	0.2
793.656	ntDontcount_oval	1	0.2
794.188	ntDontcount_oval	1	0.2
794.744	ntDontcount_oval	1	0.2
795.298	ntDontcount_oval	1	0.2
795.852	ntDontcount_oval	1	0.2
796.43	t_Dontcount_oval	1	0.2
797.006	t_Dontcount_oval	1	0.2
797.56	t_Dontcount_oval	1	0.2
798.136	t_Dontcount_oval	1	0.2
800.376	ntDontcount_oval	1	0.2
800.952	ntDontcount_oval	1	0.2
802.084	ntDontcount_oval	1	0.2
804.322	ntDontcount_oval	1	0.2
805.452	ntDontcount_oval	1	0.2
806.008	ntDontcount_oval	1	0.2
807.672	ntDontcount_oval	1	0.2
808.248	t_Dontcount_oval	1	0.2
810.488	ntDontcount_oval	1	0.2
811.042	ntDontcount_oval	1	0.2
811.596	ntDontcount_oval	1	0.2
812.152	ntDontcount_oval	1	0.2
812.706	ntDontcount_oval	1	0.2
813.816	ntDontcount_oval	1	0.2
815.48	ntDontcount_oval	1	0.2
816.034	ntDontcount_oval	1	0.2
816.61	ntDontcount_oval	1	0.2
817.74	ntDontcount_oval	1	0.2
818.296	ntDontcount_oval	1	0.2
818.85	t_Dontcount_oval	1	0.2
819.406	ntDontcount_oval	1	0.2
819.96	ntDontcount_oval	1	0.2
820.556	ntDontcount_oval	1	0.2
821.134	t_Dontcount_oval	1	0.2
822.796	ntDontcount_oval	1	0.2
823.352	ntDontcount_oval	1	0.2
823.906	ntDontcount_oval	1	0.2
824.482	ntDontcount_oval	1	0.2
825.058	ntDontcount_oval	1	0.2
825.612	ntDontcount_oval	1	0.2
826.168	ntDontcount_oval	1	0.2
826.722	ntDontcount_oval	1	0.2
827.276	ntDontcount_oval	1	0.2
828.984	ntDontcount_oval	1	0.2
829.538	ntDontcount_oval	1	0.2
830.092	ntDontcount_oval	1	0.2
830.648	ntDontcount_oval	1	0.2
831.202	ntDontcount_oval	1	0.2
831.756	ntDontcount_oval	1	0.2
832.332	ntDontcount_oval	1	0.2
832.908	ntDontcount_oval	1	0.2
833.464	ntDontcount_oval	1	0.2
834.018	ntDontcount_oval	1	0.2
834.574	t_Dontcount_oval	1	0.2
836.258	t_Dontcount_oval	1	0.2
836.814	t_Dontcount_oval	1	0.2
837.39	ntDontcount_oval	1	0.2
837.944	ntDontcount_oval	1	0.2
838.498	ntDontcount_oval	1	0.2
839.052	ntDontcount_oval	1	0.2
839.608	ntDontcount_oval	1	0.2
840.184	ntDontcount_oval	1	0.2
840.738	ntDontcount_oval	1	0.2
841.314	ntDontcount_oval	1	0.2
841.868	ntDontcount_oval	1	0.2
842.444	ntDontcount_oval	1	0.2
843	ntDontcount_oval	1	0.2
843.554	ntDontcount_oval	1	0.2
844.108	ntDontcount_oval	1	0.2
844.664	t_Dontcount_oval	1	0.2
845.794	ntDontcount_oval	1	0.2
849.792	ntDontcount_campus	1	0.2
850.348	ntDontcount_campus	1	0.2
850.904	t_Dontcount_campus	1	0.2
851.458	ntDontcount_campus	1	0.2
852.032	ntDontcount_campus	1	0.2
853.164	ntDontcount_campus	1	0.2
853.72	t_Dontcount_campus	1	0.2
854.274	ntDontcount_campus	1	0.2
854.828	t_Dontcount_campus	1	0.2
855.384	ntDontcount_campus	1	0.2
855.938	t_Dontcount_campus	1	0.2
856.494	ntDontcount_campus	1	0.2
857.046	ntDontcount_campus	1	0.2
857.6	ntDontcount_campus	1	0.2
858.156	ntDontcount_campus	1	0.2
858.71	ntDontcount_campus	1	0.2
859.266	ntDontcount_campus	1	0.2
859.82	ntDontcount_campus	1	0.2
860.396	ntDontcount_campus	1	0.2
860.95	ntDontcount_campus	1	0.2
861.504	ntDontcount_campus	1	0.2
862.06	ntDontcount_campus	1	0.2
862.636	ntDontcount_campus	1	0.2
864.322	ntDontcount_campus	1	0.2
865.452	ntDontcount_campus	1	0.2
866.006	ntDontcount_campus	1	0.2
866.56	ntDontcount_campus	1	0.2
867.116	ntDontcount_campus	1	0.2
867.67	ntDontcount_campus	1	0.2
869.334	ntDontcount_campus	1	0.2
869.89	t_Dontcount_campus	1	0.2
870.446	ntDontcount_campus	1	0.2
870.998	ntDontcount_campus	1	0.2
871.554	ntDontcount_campus	1	0.2
872.108	ntDontcount_campus	1	0.2
872.664	t_Dontcount_campus	1	0.2
873.218	ntDontcount_campus	1	0.2
873.772	ntDontcount_campus	1	0.2
874.326	ntDontcount_campus	1	0.2
874.882	ntDontcount_campus	1	0.2
875.436	ntDontcount_campus	1	0.2
875.99	ntDontcount_campus	1	0.2
876.566	ntDontcount_campus	1	0.2
877.122	ntDontcount_campus	1	0.2
877.676	ntDontcount_campus	1	0.2
878.23	ntDontcount_campus	1	0.2
878.786	ntDontcount_campus	1	0.2
879.34	ntDontcount_campus	1	0.2
879.894	ntDontcount_campus	1	0.2
881.58	ntDontcount_campus	1	0.2
882.156	ntDontcount_campus	1	0.2
882.712	t_Dontcount_campus	1	0.2
883.268	ntDontcount_campus	1	0.2
883.82	ntDontcount_campus	1	0.2
884.374	ntDontcount_campus	1	0.2
884.952	t_Dontcount_campus	1	0.2
885.506	ntDontcount_campus	1	0.2
886.06	ntDontcount_campus	1	0.2
886.614	ntDontcount_campus	1	0.2
887.17	ntDontcount_campus	1	0.2
887.724	ntDontcount_campus	1	0.2
888.278	ntDontcount_campus	1	0.2
888.834	ntDontcount_campus	1	0.2
889.986	t_Dontcount_campus	1	0.2
890.542	ntDontcount_campus	1	0.2
891.094	ntDontcount_campus	1	0.2
891.65	ntDontcount_campus	1	0.2
892.226	ntDontcount_campus	1	0.2
892.78	ntDontcount_campus	1	0.2
893.934	ntDontcount_campus	1	0.2
894.53	ntDontcount_campus	1	0.2
895.084	ntDontcount_campus	1	0.2
895.638	ntDontcount_campus	1	0.2
896.194	ntDontcount_campus	1	0.2
896.748	ntDontcount_campus	1	0.2
897.302	ntDontcount_campus	1	0.2
897.88	t_Dontcount_campus	1	0.2
898.456	t_Dontcount_campus	1	0.2
899.012	ntDontcount_campus	1	0.2
899.586	ntDontcount_campus	1	0.2
900.14	ntDontcount_campus	1	0.2
900.696	t_Dontcount_campus	1	0.2
901.25	t_Dontcount_campus	1	0.2
901.932	t_Dontcount_campus	1	0.2
902.488	ntDontcount_campus	1	0.2
903.042	ntDontcount_campus	1	0.2
903.596	t_Dontcount_campus	1	0.2
904.152	ntDontcount_campus	1	0.2
904.726	ntDontcount_campus	1	0.2
905.302	ntDontcount_campus	1	0.2
905.878	ntDontcount_campus	1	0.2
906.434	t_Dontcount_campus	1	0.2
906.988	t_Dontcount_campus	1	0.2
907.544	ntDontcount_campus	1	0.2
908.098	ntDontcount_campus	1	0.2
908.674	ntDontcount_campus	1	0.2
909.228	ntDontcount_campus	1	0.2
909.804	t_Dontcount_campus	1	0.2
910.36	ntDontcount_campus	1	0.2
911.47	ntDontcount_campus	1	0.2
912.022	ntDontcount_campus	1	0.2
912.578	ntDontcount_campus	1	0.2
913.73	ntDontcount_campus	1	0.2
914.284	ntDontcount_campus	1	0.2
914.838	ntDontcount_campus	1	0.2
915.394	t_Dontcount_campus	1	0.2
915.95	ntDontcount_campus	1	0.2
916.502	ntDontcount_campus	1	0.2
918.19	ntDontcount_campus	1	0.2
918.786	ntDontcount_campus	1	0.2
919.34	ntDontcount_campus	1	0.2
919.894	ntDontcount_campus	1	0.2
923.884	t_Dontcount_campus	1	0.2
924.44	ntDontcount_campus	1	0.2
924.994	ntDontcount_campus	1	0.2
925.548	ntDontcount_campus	1	0.2
926.124	t_Dontcount_campus	1	0.2
927.79	ntDontcount_campus	1	0.2
928.364	ntDontcount_campus	1	0.2
928.918	ntDontcount_campus	1	0.2
931.204	ntDontcount_campus	1	0.2
931.756	ntDontcount_campus	1	0.2
932.31	ntDontcount_campus	1	0.2
932.866	ntDontcount_campus	1	0.2
933.42	t_Dontcount_campus	1	0.2
933.998	ntDontcount_campus	1	0.2
934.572	ntDontcount_campus	1	0.2
935.126	ntDontcount_campus	1	0.2
935.682	ntDontcount_campus	1	0.2
936.236	ntDontcount_campus	1	0.2
936.79	ntDontcount_campus	1	0.2
937.346	ntDontcount_campus	1	0.2
937.922	t_Dontcount_campus	1	0.2
938.5	ntDontcount_campus	1	0.2
939.052	ntDontcount_campus	1	0.2
939.628	ntDontcount_campus	1	0.2
940.204	ntDontcount_campus	1	0.2
940.76	t_Dontcount_campus	1	0.2
941.316	ntDontcount_campus	1	0.2
941.868	ntDontcount_campus	1	0.2
942.444	ntDontcount_campus	1	0.2
943.574	ntDontcount_campus	1	0.2
944.15	ntDontcount_campus	1	0.2
944.706	ntDontcount_campus	1	0.2
945.26	ntDontcount_campus	1	0.2
945.814	ntDontcount_campus	1	0.2
946.39	ntDontcount_campus	1	0.2
946.968	t_Dontcount_campus	1	0.2
947.524	ntDontcount_campus	1	0.2
948.076	ntDontcount_campus	1	0.2
948.63	ntDontcount_campus	1	0.2
949.186	ntDontcount_campus	1	0.2
949.74	ntDontcount_campus	1	0.2
950.892	ntDontcount_campus	1	0.2
951.446	ntDontcount_campus	1	0.2
952.002	ntDontcount_campus	1	0.2
952.556	ntDontcount_campus	1	0.2
953.11	ntDontcount_campus	1	0.2
953.666	ntDontcount_campus	1	0.2
954.242	ntDontcount_campus	1	0.2
954.796	ntDontcount_campus	1	0.2
955.906	ntDontcount_campus	1	0.2
956.46	ntDontcount_campus	1	0.2
957.014	ntDontcount_campus	1	0.2
957.57	ntDontcount_campus	1	0.2
958.146	ntDontcount_campus	1	0.2
958.7	t_Dontcount_campus	1	0.2
959.3	ntDontcount_campus	1	0.2
959.874	ntDontcount_campus	1	0.2
960.982	ntDontcount_campus	1	0.2
961.538	ntDontcount_campus	1	0.2
962.114	ntDontcount_campus	1	0.2
962.668	t_Dontcount_campus	1	0.2
963.224	ntDontcount_campus	1	0.2
963.778	ntDontcount_campus	1	0.2
965.486	ntDontcount_campus	1	0.2
966.038	ntDontcount_campus	1	0.2
966.614	ntDontcount_campus	1	0.2
967.17	ntDontcount_campus	1	0.2
967.746	ntDontcount_campus	1	0.2
968.3	ntDontcount_campus	1	0.2
968.876	ntDontcount_campus	1	0.2
969.43	ntDontcount_campus	1	0.2
969.986	ntDontcount_campus	1	0.2
970.562	ntDontcount_campus	1	0.2
971.138	ntDontcount_campus	1	0.2
971.692	ntDontcount_campus	1	0.2
972.246	ntDontcount_campus	1	0.2
972.802	t_Dontcount_campus	1	0.2
973.358	ntDontcount_campus	1	0.2
973.91	ntDontcount_campus	1	0.2
974.486	ntDontcount_campus	1	0.2
975.042	ntDontcount_campus	1	0.2
975.596	ntDontcount_campus	1	0.2
976.15	ntDontcount_campus	1	0.2
976.706	t_Dontcount_campus	1	0.2
977.262	ntDontcount_campus	1	0.2
977.814	ntDontcount_campus	1	0.2
978.37	t_Dontcount_campus	1	0.2
978.948	ntDontcount_campus	1	0.2
979.5	ntDontcount_campus	1	0.2
980.056	t_Dontcount_campus	1	0.2
980.612	ntDontcount_campus	1	0.2
981.186	ntDontcount_campus	1	0.2
981.74	ntDontcount_campus	1	0.2
982.294	ntDontcount_campus	1	0.2
982.85	t_Dontcount_campus	1	0.2
983.406	ntDontcount_campus	1	0.2
983.958	ntDontcount_campus	1	0.2
984.514	ntDontcount_campus	1	0.2
985.068	ntDontcount_campus	1	0.2
985.644	ntDontcount_campus	1	0.2
986.198	ntDontcount_campus	1	0.2
986.754	ntDontcount_campus	1	0.2
987.308	ntDontcount_campus	1	0.2
987.862	ntDontcount_campus	1	0.2
988.418	ntDontcount_campus	1	0.2
988.972	ntDontcount_campus	1	0.2
989.526	ntDontcount_campus	1	0.2
990.082	ntDontcount_campus	1	0.2
990.636	t_Dontcount_campus	1	0.2
991.192	ntDontcount_campus	1	0.2
991.746	ntDontcount_campus	1	0.2
992.3	t_Dontcount_campus	1	0.2
992.856	ntDontcount_campus	1	0.2
993.43	ntDontcount_campus	1	0.2
993.986	t_Dontcount_campus	1	0.2
995.694	ntDontcount_campus	1	0.2
996.246	ntDontcount_campus	1	0.2
996.802	ntDontcount_campus	1	0.2
997.356	ntDontcount_campus	1	0.2
997.932	ntDontcount_campus	1	0.2
998.486	ntDontcount_campus	1	0.2
999.062	ntDontcount_campus	1	0.2
999.638	ntDontcount_campus	1	0.2
1000.216	t_Dontcount_campus	1	0.2
1000.772	ntDontcount_campus	1	0.2
1001.346	ntDontcount_campus	1	0.2
1001.922	ntDontcount_campus	1	0.2
1002.476	ntDontcount_campus	1	0.2
1003.052	ntDontcount_campus	1	0.2
1003.628	ntDontcount_campus	1	0.2
1004.184	t_Dontcount_campus	1	0.2
1004.738	t_Dontcount_campus	1	0.2
1005.294	ntDontcount_campus	1	0.2
1005.846	ntDontcount_campus	1	0.2
1006.402	ntDontcount_campus	1	0.2
1006.978	t_Dontcount_campus	1	0.2
1007.556	ntDontcount_campus	1	0.2
1008.11	t_Dontcount_campus	1	0.2
1008.686	ntDontcount_campus	1	0.2
1009.238	ntDontcount_campus	1	0.2
1009.794	ntDontcount_campus	1	0.2
1010.348	ntDontcount_campus	1	0.2
1010.946	ntDontcount_campus	1	0.2
1011.522	t_Dontcount_campus	1	0.2
1012.078	ntDontcount_campus	1	0.2
1012.63	ntDontcount_campus	1	0.2
1013.186	ntDontcount_campus	1	0.2
1013.74	ntDontcount_campus	1	0.2
1014.316	ntDontcount_campus	1	0.2
1014.87	ntDontcount_campus	1	0.2
1015.446	ntDontcount_campus	1	0.2
1016.024	t_Dontcount_campus	1	0.2
1017.688	ntDontcount_campus	1	0.2
1018.242	ntDontcount_campus	1	0.2
1018.818	ntDontcount_campus	1	0.2
1020.504	ntDontcount_campus	1	0.2
1021.058	t_Dontcount_campus	1	0.2
1021.614	ntDontcount_campus	1	0.2
1022.166	ntDontcount_campus	1	0.2
1022.722	ntDontcount_campus	1	0.2
1023.298	ntDontcount_campus	1	0.2
1023.874	t_Dontcount_campus	1	0.2
1024.43	ntDontcount_campus	1	0.2
1024.982	ntDontcount_campus	1	0.2
1025.538	ntDontcount_campus	1	0.2
1026.114	ntDontcount_campus	1	0.2
1026.67	t_Dontcount_campus	1	0.2
1027.246	ntDontcount_campus	1	0.2
1027.82	ntDontcount_campus	1	0.2
1028.374	ntDontcount_campus	1	0.2
1028.93	ntDontcount_campus	1	0.2
1029.486	t_Dontcount_campus	1	0.2
1030.04	ntDontcount_campus	1	0.2
1030.594	ntDontcount_campus	1	0.2
1031.17	ntDontcount_campus	1	0.2
1031.746	t_Dontcount_campus	1	0.2
1032.302	ntDontcount_campus	1	0.2
1032.854	ntDontcount_campus	1	0.2
1033.41	ntDontcount_campus	1	0.2
1034.562	ntDontcount_campus	1	0.2
1035.116	ntDontcount_campus	1	0.2
1035.692	ntDontcount_campus	1	0.2
1036.802	ntDontcount_campus	1	0.2
1037.356	ntDontcount_campus	1	0.2
1037.91	ntDontcount_campus	1	0.2
1038.466	ntDontcount_campus	1	0.2
1041.858	ntDontcount_campus	1	0.2
1042.412	ntDontcount_campus	1	0.2
1042.968	t_Dontcount_campus	1	0.2
1043.544	t_Dontcount_campus	1	0.2
1044.098	t_Dontcount_campus	1	0.2
1044.654	ntDontcount_campus	1	0.2
1045.206	ntDontcount_campus	1	0.2
1045.762	ntDontcount_campus	1	0.2
1046.316	ntDontcount_campus	1	0.2
1046.892	ntDontcount_campus	1	0.2
1047.468	ntDontcount_campus	1	0.2
1048.022	ntDontcount_campus	1	0.2
1048.598	ntDontcount_campus	1	0.2
1049.154	t_Dontcount_campus	1	0.2
1049.71	ntDontcount_campus	1	0.2
1050.262	ntDontcount_campus	1	0.2
1050.818	ntDontcount_campus	1	0.2
1051.394	ntDontcount_campus	1	0.2
1051.948	ntDontcount_campus	1	0.2
1052.524	ntDontcount_campus	1	0.2
1053.078	ntDontcount_campus	1	0.2
1053.634	ntDontcount_campus	1	0.2
1054.21	ntDontcount_campus	1	0.2
1054.764	ntDontcount_campus	1	0.2
1055.34	ntDontcount_campus	1	0.2
1055.938	ntDontcount_campus	1	0.2
1056.492	ntDontcount_campus	1	0.2
1057.046	ntDontcount_campus	1	0.2
1057.602	ntDontcount_campus	1	0.2
1058.156	ntDontcount_campus	1	0.2
1058.712	t_Dontcount_campus	1	0.2
1059.268	ntDontcount_campus	1	0.2
1059.82	ntDontcount_campus	1	0.2
1060.396	ntDontcount_campus	1	0.2
1060.952	t_Dontcount_campus	1	0.2
1061.508	ntDontcount_campus	1	0.2
1062.06	ntDontcount_campus	1	0.2
1062.614	ntDontcount_campus	1	0.2
1063.19	ntDontcount_campus	1	0.2
1063.746	ntDontcount_campus	1	0.2
1064.322	ntDontcount_campus	1	0.2
1064.876	ntDontcount_campus	1	0.2
1065.432	t_Dontcount_campus	1	0.2
1065.988	ntDontcount_campus	1	0.2
1066.54	ntDontcount_campus	1	0.2
1067.116	ntDontcount_campus	1	0.2
1067.672	t_Dontcount_campus	1	0.2
1068.226	t_Dontcount_campus	1	0.2
1068.782	ntDontcount_campus	1	0.2
1069.356	ntDontcount_campus	1	0.2
1069.912	t_Dontcount_campus	1	0.2
1070.468	ntDontcount_campus	1	0.2
1071.042	ntDontcount_campus	1	0.2
1071.598	t_Dontcount_campus	1	0.2
1072.152	ntDontcount_campus	1	0.2
1072.728	t_Dontcount_campus	1	0.2
1073.282	t_Dontcount_campus	1	0.2
1073.86	ntDontcount_campus	1	0.2
1074.412	ntDontcount_campus	1	0.2
1074.988	ntDontcount_campus	1	0.2
1075.564	ntDontcount_campus	1	0.2
1076.118	ntDontcount_campus	1	0.2
1076.694	ntDontcount_campus	1	0.2
1077.25	ntDontcount_campus	1	0.2
1077.804	ntDontcount_campus	1	0.2
1078.358	ntDontcount_campus	1	0.2
1078.914	ntDontcount_campus	1	0.2
1079.468	ntDontcount_campus	1	0.2
1080.022	ntDontcount_campus	1	0.2
1081.708	ntDontcount_campus	1	0.2
1082.284	ntDontcount_campus	1	0.2
1082.84	t_Dontcount_campus	1	0.2
1083.396	ntDontcount_campus	1	0.2
1083.97	ntDontcount_campus	1	0.2
1084.524	ntDontcount_campus	1	0.2
1085.078	ntDontcount_campus	1	0.2
1085.634	ntDontcount_campus	1	0.2
1086.188	ntDontcount_campus	1	0.2
1086.742	ntDontcount_campus	1	0.2
1087.298	t_Dontcount_campus	1	0.2
1087.854	t_Dontcount_campus	1	0.2
1088.43	t_Dontcount_campus	1	0.2
1088.984	ntDontcount_campus	1	0.2
1089.538	t_Dontcount_campus	1	0.2
1090.072	ntDontcount_campus	1	0.2
1090.626	ntDontcount_campus	1	0.2
1091.18	ntDontcount_campus	1	0.2
1091.756	ntDontcount_campus	1	0.2
1092.334	t_Dontcount_campus	1	0.2
1092.888	ntDontcount_campus	1	0.2
1093.442	ntDontcount_campus	1	0.2
1093.998	t_Dontcount_campus	1	0.2
1094.552	ntDontcount_campus	1	0.2
1095.106	ntDontcount_campus	1	0.2
1095.66	ntDontcount_campus	1	0.2
1096.236	ntDontcount_campus	1	0.2
1096.792	t_Dontcount_campus	1	0.2
1097.348	ntDontcount_campus	1	0.2
1097.9	ntDontcount_campus	1	0.2
1098.476	ntDontcount_campus	1	0.2
1099.03	ntDontcount_campus	1	0.2
1099.586	ntDontcount_campus	1	0.2
1100.142	t_Dontcount_campus	1	0.2
1100.696	ntDontcount_campus	1	0.2
1101.25	t_Dontcount_campus	1	0.2
1101.806	ntDontcount_campus	1	0.2
1102.358	ntDontcount_campus	1	0.2
1102.934	ntDontcount_campus	1	0.2
1103.49	ntDontcount_campus	1	0.2
1104.066	ntDontcount_campus	1	0.2
1104.622	t_Dontcount_campus	1	0.2
1105.198	ntDontcount_campus	1	0.2
1105.75	ntDontcount_campus	1	0.2
1106.306	ntDontcount_campus	1	0.2
1106.86	ntDontcount_campus	1	0.2
1107.436	ntDontcount_campus	1	0.2
1108.014	t_Dontcount_campus	1	0.2
1108.59	ntDontcount_campus	1	0.2
1109.164	ntDontcount_campus	1	0.2
1109.72	t_Dontcount_campus	1	0.2
1110.276	ntDontcount_campus	1	0.2
1110.828	ntDontcount_campus	1	0.2
1111.96	ntDontcount_campus	1	0.2
1112.534	ntDontcount_campus	1	0.2
1113.09	ntDontcount_campus	1	0.2
1113.666	ntDontcount_campus	1	0.2
1114.222	t_Dontcount_campus	1	0.2
1115.884	ntDontcount_campus	1	0.2
1116.46	ntDontcount_campus	1	0.2
1117.036	ntDontcount_campus	1	0.2
1117.59	ntDontcount_campus	1	0.2
1118.166	ntDontcount_campus	1	0.2
1118.722	ntDontcount_campus	1	0.2
1119.278	t_Dontcount_campus	1	0.2
1119.854	ntDontcount_campus	1	0.2
1120.43	t_Dontcount_campus	1	0.2
1121.006	ntDontcount_campus	1	0.2
1121.56	t_Dontcount_campus	1	0.2
1122.116	ntDontcount_campus	1	0.2
1122.69	ntDontcount_campus	1	0.2
1123.266	t_Dontcount_campus	1	0.2
1123.822	ntDontcount_campus	1	0.2
1124.396	ntDontcount_campus	1	0.2
1124.95	ntDontcount_campus	1	0.2
1125.528	t_Dontcount_campus	1	0.2
1126.082	t_Dontcount_campus	1	0.2
1127.192	ntDontcount_campus	1	0.2
1127.766	ntDontcount_campus	1	0.2
1128.342	ntDontcount_campus	1	0.2
1128.918	ntDontcount_campus	1	0.2
1129.474	ntDontcount_campus	1	0.2
1130.028	ntDontcount_campus	1	0.2
1130.584	t_Dontcount_campus	1	0.2
1131.14	ntDontcount_campus	1	0.2
1131.714	ntDontcount_campus	1	0.2
1132.268	ntDontcount_campus	1	0.2
1132.866	ntDontcount_campus	1	0.2
1133.442	ntDontcount_campus	1	0.2
1133.996	ntDontcount_campus	1	0.2
1134.55	ntDontcount_campus	1	0.2
1135.106	t_Dontcount_campus	1	0.2
1135.662	ntDontcount_campus	1	0.2
1136.214	ntDontcount_campus	1	0.2
1136.79	ntDontcount_campus	1	0.2
1137.368	t_Dontcount_campus	1	0.2
1137.922	t_Dontcount_campus	1	0.2
1138.478	ntDontcount_campus	1	0.2
1139.03	ntDontcount_campus	1	0.2
1139.586	ntDontcount_campus	1	0.2
1140.14	ntDontcount_campus	1	0.2
1140.716	ntDontcount_campus	1	0.2
1141.272	t_Dontcount_campus	1	0.2
1141.828	ntDontcount_campus	1	0.2
1142.402	ntDontcount_campus	1	0.2
1142.978	ntDontcount_campus	1	0.2
1144.086	ntDontcount_campus	1	0.2
1145.774	ntDontcount_campus	1	0.2
1146.326	ntDontcount_campus	1	0.2
1146.882	ntDontcount_campus	1	0.2
1147.99	ntDontcount_campus	1	0.2
1148.566	ntDontcount_campus	1	0.2
1149.122	t_Dontcount_campus	1	0.2
1149.7	ntDontcount_campus	1	0.2
1150.254	t_Dontcount_campus	1	0.2
1150.808	ntDontcount_campus	1	0.2
1151.362	ntDontcount_campus	1	0.2
1151.938	ntDontcount_campus	1	0.2
1153.666	t_Dontcount_campus	1	0.2
1154.222	ntDontcount_campus	1	0.2
1154.776	t_Dontcount_campus	1	0.2
1155.33	t_Dontcount_campus	1	0.2
1155.886	ntDontcount_campus	1	0.2
1156.438	ntDontcount_campus	1	0.2
1158.126	t_Dontcount_campus	1	0.2
1158.68	t_Dontcount_campus	1	0.2
1159.256	ntDontcount_campus	1	0.2
1159.81	ntDontcount_campus	1	0.2
1160.386	ntDontcount_campus	1	0.2
1162.092	ntDontcount_campus	1	0.2
1163.202	t_Dontcount_campus	1	0.2
1163.758	ntDontcount_campus	1	0.2
1164.868	ntDontcount_campus	1	0.2
1165.42	ntDontcount_campus	1	0.2
1165.976	t_Dontcount_campus	1	0.2
1166.53	t_Dontcount_campus	1	0.2
1167.106	t_Dontcount_campus	1	0.2
1167.662	ntDontcount_campus	1	0.2
1168.214	ntDontcount_campus	1	0.2
1168.77	ntDontcount_campus	1	0.2
1169.346	ntDontcount_campus	1	0.2
1169.902	t_Dontcount_campus	1	0.2
1171.586	ntDontcount_campus	1	0.2
1172.14	ntDontcount_campus	1	0.2
1172.694	ntDontcount_campus	1	0.2
1173.25	ntDontcount_campus	1	0.2
1173.826	ntDontcount_campus	1	0.2
1174.382	t_Dontcount_campus	1	0.2
1176.066	ntDontcount_campus	1	0.2
1176.62	ntDontcount_campus	1	0.2
1177.174	ntDontcount_campus	1	0.2
1177.75	ntDontcount_campus	1	0.2
1178.306	ntDontcount_campus	1	0.2
1178.862	t_Dontcount_campus	1	0.2
1179.416	ntDontcount_campus	1	0.2
1179.97	ntDontcount_campus	1	0.2
1180.546	ntDontcount_campus	1	0.2
1181.1	ntDontcount_campus	1	0.2
1181.676	ntDontcount_campus	1	0.2
1182.252	ntDontcount_campus	1	0.2
1183.362	ntDontcount_campus	1	0.2
1183.916	ntDontcount_campus	1	0.2
1185.026	ntDontcount_campus	1	0.2
1185.602	ntDontcount_campus	1	0.2
1186.156	ntDontcount_campus	1	0.2
1187.266	ntDontcount_campus	1	0.2
1187.822	t_Dontcount_campus	1	0.2
1188.398	t_Dontcount_campus	1	0.2
1188.952	ntDontcount_campus	1	0.2
1189.526	ntDontcount_campus	1	0.2
1190.126	t_Dontcount_campus	1	0.2
1190.68	ntDontcount_campus	1	0.2
1191.254	ntDontcount_campus	1	0.2
1191.81	ntDontcount_campus	1	0.2
1192.364	ntDontcount_campus	1	0.2
1192.94	ntDontcount_campus	1	0.2
1193.494	ntDontcount_campus	1	0.2
1194.626	ntDontcount_campus	1	0.2
1195.18	ntDontcount_campus	1	0.2
1195.734	ntDontcount_campus	1	0.2
1196.29	ntDontcount_campus	1	0.2
1196.844	ntDontcount_campus	1	0.2
1197.398	ntDontcount_campus	1	0.2
1197.974	ntDontcount_campus	1	0.2
1199.086	t_Dontcount_campus	1	0.2
1199.64	ntDontcount_campus	1	0.2
1200.194	ntDontcount_campus	1	0.2
1200.748	ntDontcount_campus	1	0.2
1201.324	ntDontcount_campus	1	0.2
1201.878	ntDontcount_campus	1	0.2
1202.454	ntDontcount_campus	1	0.2
1203.01	ntDontcount_campus	1	0.2
1203.564	ntDontcount_campus	1	0.2
1204.118	ntDontcount_campus	1	0.2
1204.674	ntDontcount_campus	1	0.2
1205.228	ntDontcount_campus	1	0.2
1205.784	t_Dontcount_campus	1	0.2
1206.36	ntDontcount_campus	1	0.2
1206.934	ntDontcount_campus	1	0.2
1208.62	ntDontcount_campus	1	0.2
1209.196	ntDontcount_campus	1	0.2
1209.774	t_Dontcount_campus	1	0.2
1210.328	ntDontcount_campus	1	0.2
1210.882	ntDontcount_campus	1	0.2
1211.436	ntDontcount_campus	1	0.2
1211.992	t_Dontcount_campus	1	0.2
1212.546	t_Dontcount_campus	1	0.2
1213.102	ntDontcount_campus	1	0.2
1213.656	t_Dontcount_campus	1	0.2
1214.232	ntDontcount_campus	1	0.2
1214.786	ntDontcount_campus	1	0.2
1215.34	ntDontcount_campus	1	0.2
1215.894	ntDontcount_campus	1	0.2
1216.45	ntDontcount_campus	1	0.2
1217.026	ntDontcount_campus	1	0.2
1218.71	ntDontcount_campus	1	0.2
1219.266	t_Dontcount_campus	1	0.2
1219.822	t_Dontcount_campus	1	0.2
1220.376	ntDontcount_campus	1	0.2
1220.93	ntDontcount_campus	1	0.2
1221.506	t_Dontcount_campus	1	0.2
1222.062	t_Dontcount_campus	1	0.2
1222.638	ntDontcount_campus	1	0.2
1223.19	ntDontcount_campus	1	0.2
1223.746	ntDontcount_campus	1	0.2
1224.3	ntDontcount_campus	1	0.2
1224.878	t_Dontcount_campus	1	0.2
1225.432	t_Dontcount_campus	1	0.2
1225.986	t_Dontcount_campus	1	0.2
1226.562	t_Dontcount_campus	1	0.2
1227.118	ntDontcount_campus	1	0.2
1227.692	ntDontcount_campus	1	0.2
1228.246	ntDontcount_campus	1	0.2
1228.802	ntDontcount_campus	1	0.2
1229.356	ntDontcount_campus	1	0.2
1230.488	t_Dontcount_campus	1	0.2
1231.064	ntDontcount_campus	1	0.2
1232.172	ntDontcount_campus	1	0.2
1233.282	ntDontcount_campus	1	0.2
1233.838	t_Dontcount_campus	1	0.2
1234.414	ntDontcount_campus	1	0.2
1234.988	ntDontcount_campus	1	0.2
1235.542	ntDontcount_campus	1	0.2
1236.098	ntDontcount_campus	1	0.2
1236.674	ntDontcount_campus	1	0.2
1237.228	ntDontcount_campus	1	0.2
1238.358	ntDontcount_campus	1	0.2
1238.934	ntDontcount_campus	1	0.2
1239.49	ntDontcount_campus	1	0.2
1240.044	ntDontcount_campus	1	0.2
1240.598	ntDontcount_campus	1	0.2
1241.174	ntDontcount_campus	1	0.2
1241.73	ntDontcount_campus	1	0.2
1242.306	ntDontcount_campus	1	0.2
1242.882	ntDontcount_campus	1	0.2
1243.436	ntDontcount_campus	1	0.2
1243.99	ntDontcount_campus	1	0.2
1244.546	t_Dontcount_campus	1	0.2
1245.102	ntDontcount_campus	1	0.2
1245.656	t_Dontcount_campus	1	0.2
1246.212	ntDontcount_campus	1	0.2
1246.786	ntDontcount_campus	1	0.2
1247.34	ntDontcount_campus	1	0.2
1247.916	ntDontcount_campus	1	0.2
1248.47	ntDontcount_campus	1	0.2
1249.026	ntDontcount_campus	1	0.2
1249.58	ntDontcount_campus	1	0.2
1250.156	ntDontcount_campus	1	0.2
1250.734	t_Dontcount_campus	1	0.2
1251.31	ntDontcount_campus	1	0.2
1251.864	t_Dontcount_campus	1	0.2
1252.418	t_Dontcount_campus	1	0.2
1252.974	ntDontcount_campus	1	0.2
1253.526	ntDontcount_campus	1	0.2
1254.082	ntDontcount_campus	1	0.2
1254.658	ntDontcount_campus	1	0.2
1255.234	ntDontcount_campus	1	0.2
1255.788	ntDontcount_campus	1	0.2
1256.344	t_Dontcount_campus	1	0.2
1256.9	ntDontcount_campus	1	0.2
1257.474	ntDontcount_campus	1	0.2
1258.028	ntDontcount_campus	1	0.2
1258.584	t_Dontcount_campus	1	0.2
1259.14	ntDontcount_campus	1	0.2
1259.694	t_Dontcount_campus	1	0.2
1260.248	ntDontcount_campus	1	0.2
1260.802	t_Dontcount_campus	1	0.2
1261.358	t_Dontcount_campus	1	0.2
1261.934	t_Dontcount_campus	1	0.2
1262.51	ntDontcount_campus	1	0.2
1263.062	ntDontcount_campus	1	0.2
1263.618	t_Dontcount_campus	1	0.2
1264.194	t_Dontcount_campus	1	0.2
1264.75	ntDontcount_campus	1	0.2
1265.302	ntDontcount_campus	1	0.2
1265.858	ntDontcount_campus	1	0.2
1266.434	t_Dontcount_campus	1	0.2
1266.99	ntDontcount_campus	1	0.2
1267.564	ntDontcount_campus	1	0.2
1268.118	ntDontcount_campus	1	0.2
1268.694	ntDontcount_campus	1	0.2
1269.25	t_Dontcount_campus	1	0.2
1269.806	t_Dontcount_campus	1	0.2
1270.36	ntDontcount_campus	1	0.2
1274.354	ntcount_campus	1	0.2
1274.908	ntcount_campus	1	0.2
1275.464	ntcount_campus	1	0.2
1276.04	ntcount_campus	1	0.2
1276.594	ntcount_campus	1	0.2
1277.148	ntcount_campus	1	0.2
1277.684	t_count_campus	1	0.2
1278.238	t_count_campus	1	0.2
1278.794	ntcount_campus	1	0.2
1279.346	ntcount_campus	1	0.2
1279.922	ntcount_campus	1	0.2
1280.498	ntcount_campus	1	0.2
1281.052	ntcount_campus	1	0.2
1281.628	ntcount_campus	1	0.2
1282.184	ntcount_campus	1	0.2
1282.738	ntcount_campus	1	0.2
1283.314	ntcount_campus	1	0.2
1283.87	t_count_campus	1	0.2
1284.446	ntcount_campus	1	0.2
1285.022	t_count_campus	1	0.2
1285.598	t_count_campus	1	0.2
1286.152	t_count_campus	1	0.2
1286.728	t_count_campus	1	0.2
1287.306	ntcount_campus	1	0.2
1287.858	ntcount_campus	1	0.2
1288.436	t_count_campus	1	0.2
1288.99	ntcount_campus	1	0.2
1289.544	ntcount_campus	1	0.2
1290.1	t_count_campus	1	0.2
1290.654	t_count_campus	1	0.2
1291.23	ntcount_campus	1	0.2
1291.784	ntcount_campus	1	0.2
1292.338	ntcount_campus	1	0.2
1292.892	ntcount_campus	1	0.2
1293.448	ntcount_campus	1	0.2
1294.004	t_count_campus	1	0.2
1294.558	ntcount_campus	1	0.2
1295.132	ntcount_campus	1	0.2
1295.708	ntcount_campus	1	0.2
1296.264	ntcount_campus	1	0.2
1296.84	ntcount_campus	1	0.2
1297.396	t_count_campus	1	0.2
1297.95	ntcount_campus	1	0.2
1298.504	ntcount_campus	1	0.2
1299.058	ntcount_campus	1	0.2
1299.612	ntcount_campus	1	0.2
1300.188	ntcount_campus	1	0.2
1300.744	ntcount_campus	1	0.2
1301.298	ntcount_campus	1	0.2
1301.854	t_count_campus	1	0.2
1302.408	t_count_campus	1	0.2
1302.964	ntcount_campus	1	0.2
1303.518	t_count_campus	1	0.2
1304.094	t_count_campus	1	0.2
1304.67	ntcount_campus	1	0.2
1305.224	ntcount_campus	1	0.2
1305.778	ntcount_campus	1	0.2
1306.332	ntcount_campus	1	0.2
1306.888	ntcount_campus	1	0.2
1307.464	ntcount_campus	1	0.2
1308.018	ntcount_campus	1	0.2
1308.572	ntcount_campus	1	0.2
1309.148	ntcount_campus	1	0.2
1309.704	ntcount_campus	1	0.2
1310.258	ntcount_campus	1	0.2
1310.812	ntcount_campus	1	0.2
1311.388	ntcount_campus	1	0.2
1311.966	t_count_campus	1	0.2
1312.542	ntcount_campus	1	0.2
1313.096	ntcount_campus	1	0.2
1313.65	ntcount_campus	1	0.2
1314.206	t_count_campus	1	0.2
1314.762	ntcount_campus	1	0.2
1315.316	t_count_campus	1	0.2
1315.892	ntcount_campus	1	0.2
1316.468	t_count_campus	1	0.2
1317.044	ntcount_campus	1	0.2
1317.596	ntcount_campus	1	0.2
1318.13	ntcount_campus	1	0.2
1318.684	ntcount_campus	1	0.2
1319.24	ntcount_campus	1	0.2
1319.816	t_count_campus	1	0.2
1320.392	t_count_campus	1	0.2
1320.948	ntcount_campus	1	0.2
1321.522	ntcount_campus	1	0.2
1322.1	t_count_campus	1	0.2
1322.676	ntcount_campus	1	0.2
1323.25	ntcount_campus	1	0.2
1323.826	ntcount_campus	1	0.2
1324.38	ntcount_campus	1	0.2
1324.958	t_count_campus	1	0.2
1325.512	t_count_campus	1	0.2
1326.09	ntcount_campus	1	0.2
1326.642	ntcount_campus	1	0.2
1327.196	ntcount_campus	1	0.2
1327.794	ntcount_campus	1	0.2
1328.348	ntcount_campus	1	0.2
1328.904	ntcount_campus	1	0.2
1329.48	ntcount_campus	1	0.2
1330.036	t_count_campus	1	0.2
1330.612	ntcount_campus	1	0.2
1331.164	ntcount_campus	1	0.2
1331.72	ntcount_campus	1	0.2
1332.274	ntcount_campus	1	0.2
1332.828	ntcount_campus	1	0.2
1333.384	ntcount_campus	1	0.2
1333.938	ntcount_campus	1	0.2
1334.494	t_count_campus	1	0.2
1335.05	ntcount_campus	1	0.2
1335.624	ntcount_campus	1	0.2
1336.2	ntcount_campus	1	0.2
1336.754	ntcount_campus	1	0.2
1337.332	t_count_campus	1	0.2
1337.93	ntcount_campus	1	0.2
1338.482	ntcount_campus	1	0.2
1339.036	ntcount_campus	1	0.2
1339.592	ntcount_campus	1	0.2
1340.146	ntcount_campus	1	0.2
1340.7	ntcount_campus	1	0.2
1341.276	ntcount_campus	1	0.2
1341.832	ntcount_campus	1	0.2
1342.408	ntcount_campus	1	0.2
1342.962	ntcount_campus	1	0.2
1343.516	ntcount_campus	1	0.2
1344.072	t_count_campus	1	0.2
1344.628	t_count_campus	1	0.2
1345.182	ntcount_campus	1	0.2
1345.736	ntcount_campus	1	0.2
1346.29	ntcount_campus	1	0.2
1346.866	ntcount_campus	1	0.2
1347.42	ntcount_campus	1	0.2
1347.976	ntcount_campus	1	0.2
1348.532	t_count_campus	1	0.2
1349.108	ntcount_campus	1	0.2
1349.66	ntcount_campus	1	0.2
1350.216	ntcount_campus	1	0.2
1350.77	ntcount_campus	1	0.2
1351.324	ntcount_campus	1	0.2
1351.88	ntcount_campus	1	0.2
1352.436	t_count_campus	1	0.2
1352.99	t_count_campus	1	0.2
1353.546	ntcount_campus	1	0.2
1354.098	ntcount_campus	1	0.2
1354.654	t_count_campus	1	0.2
1355.23	ntcount_campus	1	0.2
1355.804	ntcount_campus	1	0.2
1356.36	t_count_campus	1	0.2
1356.916	ntcount_campus	1	0.2
1357.49	ntcount_campus	1	0.2
1358.066	ntcount_campus	1	0.2
1362.062	ntcount_campus	1	0.2
1362.66	ntcount_campus	1	0.2
1363.214	ntcount_campus	1	0.2
1363.792	t_count_campus	1	0.2
1364.346	ntcount_campus	1	0.2
1364.9	ntcount_campus	1	0.2
1365.454	ntcount_campus	1	0.2
1366.01	t_count_campus	1	0.2
1366.566	ntcount_campus	1	0.2
1367.118	ntcount_campus	1	0.2
1367.674	t_count_campus	1	0.2
1368.23	ntcount_campus	1	0.2
1368.824	ntcount_campus	1	0.2
1369.38	ntcount_campus	1	0.2
1369.934	ntcount_campus	1	0.2
1370.49	t_count_campus	1	0.2
1371.066	ntcount_campus	1	0.2
1371.62	ntcount_campus	1	0.2
1372.174	ntcount_campus	1	0.2
1372.728	ntcount_campus	1	0.2
1373.284	ntcount_campus	1	0.2
1373.838	ntcount_campus	1	0.2
1374.416	t_count_campus	1	0.2
1374.97	ntcount_campus	1	0.2
1375.544	ntcount_campus	1	0.2
1376.1	t_count_campus	1	0.2
1376.656	t_count_campus	1	0.2
1377.232	t_count_campus	1	0.2
1377.808	ntcount_campus	1	0.2
1378.384	t_count_campus	1	0.2
1378.938	ntcount_campus	1	0.2
1379.534	ntcount_campus	1	0.2
1380.09	t_count_campus	1	0.2
1380.646	ntcount_campus	1	0.2
1381.22	ntcount_campus	1	0.2
1381.774	ntcount_campus	1	0.2
1382.328	ntcount_campus	1	0.2
1382.884	t_count_campus	1	0.2
1383.44	ntcount_campus	1	0.2
1383.992	ntcount_campus	1	0.2
1384.548	t_count_campus	1	0.2
1385.126	ntcount_campus	1	0.2
1385.7	ntcount_campus	1	0.2
1386.256	t_count_campus	1	0.2
1386.81	ntcount_campus	1	0.2
1387.364	ntcount_campus	1	0.2
1387.94	ntcount_campus	1	0.2
1388.494	ntcount_campus	1	0.2
1390.734	ntcount_campus	1	0.2
1391.288	ntcount_campus	1	0.2
1391.864	ntcount_campus	1	0.2
1392.442	t_count_campus	1	0.2
1392.996	t_count_campus	1	0.2
1393.574	ntcount_campus	1	0.2
1394.148	ntcount_campus	1	0.2
1394.704	t_count_campus	1	0.2
1395.258	ntcount_campus	1	0.2
1395.832	ntcount_campus	1	0.2
1396.388	ntcount_campus	1	0.2
1396.964	t_count_campus	1	0.2
1397.52	t_count_campus	1	0.2
1398.096	t_count_campus	1	0.2
1398.65	ntcount_campus	1	0.2
1399.204	ntcount_campus	1	0.2
1399.758	ntcount_campus	1	0.2
1400.312	ntcount_campus	1	0.2
1400.868	ntcount_campus	1	0.2
1401.444	t_count_campus	1	0.2
1402	ntcount_campus	1	0.2
1402.574	ntcount_campus	1	0.2
1403.13	t_count_campus	1	0.2
1403.686	ntcount_campus	1	0.2
1404.24	t_count_campus	1	0.2
1404.794	ntcount_campus	1	0.2
1405.368	ntcount_campus	1	0.2
1405.946	t_count_campus	1	0.2
1406.544	ntcount_campus	1	0.2
1407.096	ntcount_campus	1	0.2
1407.652	ntcount_campus	1	0.2
1408.206	ntcount_campus	1	0.2
1408.762	t_count_campus	1	0.2
1409.318	ntcount_campus	1	0.2
1409.892	ntcount_campus	1	0.2
1410.468	ntcount_campus	1	0.2
1411.024	t_count_campus	1	0.2
1411.578	ntcount_campus	1	0.2
1412.154	t_count_campus	1	0.2
1412.71	ntcount_campus	1	0.2
1413.284	ntcount_campus	1	0.2
1413.84	t_count_campus	1	0.2
1414.416	ntcount_campus	1	0.2
1414.968	ntcount_campus	1	0.2
1415.524	ntcount_campus	1	0.2
1416.078	ntcount_campus	1	0.2
1416.632	ntcount_campus	1	0.2
1417.208	ntcount_campus	1	0.2
1417.784	ntcount_campus	1	0.2
1418.36	ntcount_campus	1	0.2
1418.916	ntcount_campus	1	0.2
1419.472	t_count_campus	1	0.2
1420.026	t_count_campus	1	0.2
1420.58	t_count_campus	1	0.2
1421.136	ntcount_campus	1	0.2
1421.688	ntcount_campus	1	0.2
1422.264	ntcount_campus	1	0.2
1422.864	t_count_campus	1	0.2
1423.418	ntcount_campus	1	0.2
1423.994	t_count_campus	1	0.2
1424.55	ntcount_campus	1	0.2
1425.124	ntcount_campus	1	0.2
1425.68	t_count_campus	1	0.2
1426.234	ntcount_campus	1	0.2
1426.788	ntcount_campus	1	0.2
1427.364	ntcount_campus	1	0.2
1427.918	ntcount_campus	1	0.2
1428.474	t_count_campus	1	0.2
1429.028	t_count_campus	1	0.2
1429.606	ntcount_campus	1	0.2
1430.158	ntcount_campus	1	0.2
1430.734	ntcount_campus	1	0.2
1431.288	ntcount_campus	1	0.2
1431.844	ntcount_campus	1	0.2
1432.398	ntcount_campus	1	0.2
1432.954	t_count_campus	1	0.2
1433.51	ntcount_campus	1	0.2
1434.084	ntcount_campus	1	0.2
1434.66	ntcount_campus	1	0.2
1435.216	t_count_campus	1	0.2
1435.77	ntcount_campus	1	0.2
1436.324	ntcount_campus	1	0.2
1436.878	ntcount_campus	1	0.2
1437.434	t_count_campus	1	0.2
1438.01	ntcount_campus	1	0.2
1438.584	ntcount_campus	1	0.2
1439.14	ntcount_campus	1	0.2
1439.694	ntcount_campus	1	0.2
1440.25	t_count_campus	1	0.2
1440.826	ntcount_campus	1	0.2
1441.402	t_count_campus	1	0.2
1441.958	ntcount_campus	1	0.2
1442.532	t_count_campus	1	0.2
1443.108	t_count_campus	1	0.2
1443.664	ntcount_campus	1	0.2
1444.216	ntcount_campus	1	0.2
1444.772	ntcount_campus	1	0.2
1445.326	ntcount_campus	1	0.2
1445.88	ntcount_campus	1	0.2
1449.876	ntcount_campus	1	0.2
1450.432	ntcount_campus	1	0.2
1451.008	t_count_campus	1	0.2
1452.692	ntcount_campus	1	0.2
1453.248	ntcount_campus	1	0.2
1453.802	ntcount_campus	1	0.2
1454.356	ntcount_campus	1	0.2
1454.912	ntcount_campus	1	0.2
1455.466	ntcount_campus	1	0.2
1456.022	t_count_campus	1	0.2
1456.598	ntcount_campus	1	0.2
1457.152	t_count_campus	1	0.2
1457.728	t_count_campus	1	0.2
1458.284	ntcount_campus	1	0.2
1458.86	t_count_campus	1	0.2
1459.436	ntcount_campus	1	0.2
1459.99	ntcount_campus	1	0.2
1460.544	ntcount_campus	1	0.2
1461.12	t_count_campus	1	0.2
1461.676	ntcount_campus	1	0.2
1462.23	t_count_campus	1	0.2
1462.806	ntcount_campus	1	0.2
1463.382	t_count_campus	1	0.2
1463.938	ntcount_campus	1	0.2
1464.492	t_count_campus	1	0.2
1465.046	ntcount_campus	1	0.2
1465.622	ntcount_campus	1	0.2
1466.176	ntcount_campus	1	0.2
1466.73	ntcount_campus	1	0.2
1467.306	ntcount_campus	1	0.2
1467.862	ntcount_campus	1	0.2
1468.416	ntcount_campus	1	0.2
1468.97	ntcount_campus	1	0.2
1469.526	ntcount_campus	1	0.2
1470.08	t_count_campus	1	0.2
1470.678	t_count_campus	1	0.2
1471.234	ntcount_campus	1	0.2
1471.786	ntcount_campus	1	0.2
1472.342	t_count_campus	1	0.2
1472.898	ntcount_campus	1	0.2
1473.45	ntcount_campus	1	0.2
1474.006	ntcount_campus	1	0.2
1474.56	ntcount_campus	1	0.2
1475.116	t_count_campus	1	0.2
1475.67	ntcount_campus	1	0.2
1476.224	t_count_campus	1	0.2
1476.802	ntcount_campus	1	0.2
1477.354	ntcount_campus	1	0.2
1477.91	t_count_campus	1	0.2
1478.466	ntcount_campus	1	0.2
1479.04	ntcount_campus	1	0.2
1479.638	ntcount_campus	1	0.2
1480.192	t_count_campus	1	0.2
1480.748	ntcount_campus	1	0.2
1481.302	ntcount_campus	1	0.2
1481.878	ntcount_campus	1	0.2
1482.454	ntcount_campus	1	0.2
1483.03	ntcount_campus	1	0.2
1483.584	t_count_campus	1	0.2
1484.14	ntcount_campus	1	0.2
1484.694	ntcount_campus	1	0.2
1485.248	t_count_campus	1	0.2
1485.804	ntcount_campus	1	0.2
1486.378	ntcount_campus	1	0.2
1486.956	t_count_campus	1	0.2
1487.51	t_count_campus	1	0.2
1488.088	ntcount_campus	1	0.2
1488.64	ntcount_campus	1	0.2
1489.194	ntcount_campus	1	0.2
1489.75	ntcount_campus	1	0.2
1490.304	t_count_campus	1	0.2
1490.88	t_count_campus	1	0.2
1491.48	ntcount_campus	1	0.2
1492.032	ntcount_campus	1	0.2
1492.586	ntcount_campus	1	0.2
1493.142	t_count_campus	1	0.2
1493.698	ntcount_campus	1	0.2
1494.25	ntcount_campus	1	0.2
1494.806	ntcount_campus	1	0.2
1495.36	ntcount_campus	1	0.2
1495.914	ntcount_campus	1	0.2
1496.49	ntcount_campus	1	0.2
1497.066	ntcount_campus	1	0.2
1497.622	ntcount_campus	1	0.2
1498.176	ntcount_campus	1	0.2
1498.752	ntcount_campus	1	0.2
1499.306	ntcount_campus	1	0.2
1499.862	ntcount_campus	1	0.2
1500.438	ntcount_campus	1	0.2
1500.992	ntcount_campus	1	0.2
1501.568	ntcount_campus	1	0.2
1503.298	ntcount_campus	1	0.2
1503.872	ntcount_campus	1	0.2
1504.448	ntcount_campus	1	0.2
1505.002	ntcount_campus	1	0.2
1505.578	ntcount_campus	1	0.2
1506.134	ntcount_campus	1	0.2
1506.688	t_count_campus	1	0.2
1507.244	t_count_campus	1	0.2
1507.82	t_count_campus	1	0.2
1508.396	ntcount_campus	1	0.2
1508.95	ntcount_campus	1	0.2
1509.504	ntcount_campus	1	0.2
1510.058	ntcount_campus	1	0.2
1510.636	t_count_campus	1	0.2
1511.192	ntcount_campus	1	0.2
1511.766	ntcount_campus	1	0.2
1512.32	ntcount_campus	1	0.2
1512.896	t_count_campus	1	0.2
1513.452	ntcount_campus	1	0.2
1515.114	ntcount_campus	1	0.2
1515.69	ntcount_campus	1	0.2
1516.266	ntcount_campus	1	0.2
1516.822	ntcount_campus	1	0.2
1517.398	ntcount_campus	1	0.2
1517.952	ntcount_campus	1	0.2
1518.506	ntcount_campus	1	0.2
1519.082	ntcount_campus	1	0.2
1520.192	ntcount_campus	1	0.2
1520.768	t_count_campus	1	0.2
1521.324	t_count_campus	1	0.2
1521.88	ntcount_campus	1	0.2
1522.432	t_count_campus	1	0.2
1523.01	ntcount_campus	1	0.2
1523.562	ntcount_campus	1	0.2
1524.138	ntcount_campus	1	0.2
1524.714	ntcount_campus	1	0.2
1525.27	ntcount_campus	1	0.2
1525.824	ntcount_campus	1	0.2
1526.38	t_count_campus	1	0.2
1526.936	ntcount_campus	1	0.2
1527.488	ntcount_campus	1	0.2
1528.064	ntcount_campus	1	0.2
1528.618	ntcount_campus	1	0.2
1529.174	ntcount_campus	1	0.2
1529.728	ntcount_campus	1	0.2
1530.282	ntcount_campus	1	0.2
1530.838	ntcount_campus	1	0.2
1531.414	ntcount_campus	1	0.2
1531.968	ntcount_campus	1	0.2
1532.522	ntcount_campus	1	0.2
1533.078	ntcount_campus	1	0.2
1533.632	ntcount_campus	1	0.2
1537.626	ntcount_campus	1	0.2
1538.202	ntcount_campus	1	0.2
1538.756	ntcount_campus	1	0.2
1539.354	ntcount_campus	1	0.2
1539.93	ntcount_campus	1	0.2
1541.038	ntcount_campus	1	0.2
1541.594	ntcount_campus	1	0.2
1542.148	ntcount_campus	1	0.2
1542.702	ntcount_campus	1	0.2
1543.278	ntcount_campus	1	0.2
1543.854	ntcount_campus	1	0.2
1544.432	t_count_campus	1	0.2
1544.988	ntcount_campus	1	0.2
1545.562	ntcount_campus	1	0.2
1546.116	ntcount_campus	1	0.2
1546.67	ntcount_campus	1	0.2
1547.246	ntcount_campus	1	0.2
1547.822	ntcount_campus	1	0.2
1548.378	ntcount_campus	1	0.2
1548.954	ntcount_campus	1	0.2
1549.508	ntcount_campus	1	0.2
1550.062	ntcount_campus	1	0.2
1551.194	ntcount_campus	1	0.2
1551.77	ntcount_campus	1	0.2
1552.324	ntcount_campus	1	0.2
1552.878	ntcount_campus	1	0.2
1553.434	ntcount_campus	1	0.2
1554.01	ntcount_campus	1	0.2
1555.14	ntcount_campus	1	0.2
1555.716	t_count_campus	1	0.2
1556.272	t_count_campus	1	0.2
1556.826	t_count_campus	1	0.2
1557.38	t_count_campus	1	0.2
1557.936	ntcount_campus	1	0.2
1558.49	ntcount_campus	1	0.2
1559.044	ntcount_campus	1	0.2
1559.598	ntcount_campus	1	0.2
1560.174	ntcount_campus	1	0.2
1560.75	ntcount_campus	1	0.2
1561.306	ntcount_campus	1	0.2
1561.882	ntcount_campus	1	0.2
1562.436	ntcount_campus	1	0.2
1562.99	ntcount_campus	1	0.2
1563.566	ntcount_campus	1	0.2
1564.122	ntcount_campus	1	0.2
1564.676	ntcount_campus	1	0.2
1566.342	ntcount_campus	1	0.2
1566.894	ntcount_campus	1	0.2
1567.45	t_count_campus	1	0.2
1568.028	ntcount_campus	1	0.2
1568.602	ntcount_campus	1	0.2
1569.156	ntcount_campus	1	0.2
1569.71	ntcount_campus	1	0.2
1570.266	t_count_campus	1	0.2
1570.822	ntcount_campus	1	0.2
1571.374	ntcount_campus	1	0.2
1571.95	ntcount_campus	1	0.2
1572.528	t_count_campus	1	0.2
1573.104	ntcount_campus	1	0.2
1573.678	ntcount_campus	1	0.2
1574.234	ntcount_campus	1	0.2
1574.81	ntcount_campus	1	0.2
1575.364	t_count_campus	1	0.2
1575.92	ntcount_campus	1	0.2
1576.494	ntcount_campus	1	0.2
1577.07	ntcount_campus	1	0.2
1577.626	ntcount_campus	1	0.2
1578.202	ntcount_campus	1	0.2
1578.756	ntcount_campus	1	0.2
1579.31	ntcount_campus	1	0.2
1579.888	t_count_campus	1	0.2
1580.444	ntcount_campus	1	0.2
1580.996	ntcount_campus	1	0.2
1581.55	ntcount_campus	1	0.2
1582.106	ntcount_campus	1	0.2
1582.66	ntcount_campus	1	0.2
1583.214	ntcount_campus	1	0.2
1583.792	t_count_campus	1	0.2
1584.348	ntcount_campus	1	0.2
1584.922	ntcount_campus	1	0.2
1585.476	ntcount_campus	1	0.2
1586.03	ntcount_campus	1	0.2
1586.586	ntcount_campus	1	0.2
1587.14	t_count_campus	1	0.2
1587.696	ntcount_campus	1	0.2
1588.27	ntcount_campus	1	0.2
1588.846	ntcount_campus	1	0.2
1589.402	ntcount_campus	1	0.2
1590.51	ntcount_campus	1	0.2
1591.066	ntcount_campus	1	0.2
1591.642	ntcount_campus	1	0.2
1592.196	t_count_campus	1	0.2
1592.752	ntcount_campus	1	0.2
1593.306	t_count_campus	1	0.2
1593.862	ntcount_campus	1	0.2
1594.97	ntcount_campus	1	0.2
1595.546	ntcount_campus	1	0.2
1596.122	ntcount_campus	1	0.2
1596.676	ntcount_campus	1	0.2
1597.23	ntcount_campus	1	0.2
1597.786	ntcount_campus	1	0.2
1598.34	ntcount_campus	1	0.2
1598.894	ntcount_campus	1	0.2
1599.47	ntcount_campus	1	0.2
1600.602	ntcount_campus	1	0.2
1601.156	ntcount_campus	1	0.2
1601.71	ntcount_campus	1	0.2
1602.266	ntcount_campus	1	0.2
1602.82	ntcount_campus	1	0.2
1603.396	ntcount_campus	1	0.2
1603.972	ntcount_campus	1	0.2
1604.548	ntcount_campus	1	0.2
1605.102	ntcount_campus	1	0.2
1605.678	ntcount_campus	1	0.2
1606.234	t_count_campus	1	0.2
1606.79	ntcount_campus	1	0.2
1607.342	ntcount_campus	1	0.2
1607.918	ntcount_campus	1	0.2
1608.474	t_count_campus	1	0.2
1609.052	ntcount_campus	1	0.2
1609.604	ntcount_campus	1	0.2
1610.18	ntcount_campus	1	0.2
1610.734	ntcount_campus	1	0.2
1611.29	ntcount_campus	1	0.2
1611.866	ntcount_campus	1	0.2
1612.42	ntcount_campus	1	0.2
1612.976	t_count_campus	1	0.2
1613.552	ntcount_campus	1	0.2
1614.106	ntcount_campus	1	0.2
1614.66	t_count_campus	1	0.2
1615.216	ntcount_campus	1	0.2
1615.79	ntcount_campus	1	0.2
1616.366	ntcount_campus	1	0.2
1618.052	ntcount_campus	1	0.2
1618.606	ntcount_campus	1	0.2
1619.182	ntcount_campus	1	0.2
1619.758	ntcount_campus	1	0.2
1620.334	ntcount_campus	1	0.2
1620.912	t_count_campus	1	0.2
1621.468	ntcount_campus	1	0.2
1628.25	t_count_campus	1	0.2
1628.804	ntcount_campus	1	0.2
1629.38	ntcount_campus	1	0.2
1629.956	ntcount_campus	1	0.2
1630.532	ntcount_campus	1	0.2
1631.088	t_count_campus	1	0.2
1631.664	ntcount_campus	1	0.2
1632.238	ntcount_campus	1	0.2
1632.836	ntcount_campus	1	0.2
1633.39	ntcount_campus	1	0.2
1633.946	ntcount_campus	1	0.2
1634.522	ntcount_campus	1	0.2
1635.076	ntcount_campus	1	0.2
1635.654	t_count_campus	1	0.2
1636.208	t_count_campus	1	0.2
1636.784	t_count_campus	1	0.2
1637.36	ntcount_campus	1	0.2
1637.914	ntcount_campus	1	0.2
1638.468	ntcount_campus	1	0.2
1640.154	ntcount_campus	1	0.2
1641.862	ntcount_campus	1	0.2
1642.414	ntcount_campus	1	0.2
1642.97	ntcount_campus	1	0.2
1643.524	ntcount_campus	1	0.2
1644.08	t_count_campus	1	0.2
1644.636	ntcount_campus	1	0.2
1645.188	ntcount_campus	1	0.2
1645.742	ntcount_campus	1	0.2
1646.298	ntcount_campus	1	0.2
1647.964	ntcount_campus	1	0.2
1649.092	ntcount_campus	1	0.2
1649.668	ntcount_campus	1	0.2
1651.354	ntcount_campus	1	0.2
1651.908	ntcount_campus	1	0.2
1652.484	ntcount_campus	1	0.2
1653.038	ntcount_campus	1	0.2
1653.594	ntcount_campus	1	0.2
1654.19	ntcount_campus	1	0.2
1654.746	ntcount_campus	1	0.2
1655.302	t_count_campus	1	0.2
1656.41	ntcount_campus	1	0.2
1656.966	t_count_campus	1	0.2
1657.52	t_count_campus	1	0.2
1658.076	ntcount_campus	1	0.2
1658.628	ntcount_campus	1	0.2
1659.182	ntcount_campus	1	0.2
1659.76	t_count_campus	1	0.2
1660.316	ntcount_campus	1	0.2
1660.89	t_count_campus	1	0.2
1661.446	ntcount_campus	1	0.2
1662.02	ntcount_campus	1	0.2
1662.574	ntcount_campus	1	0.2
1663.13	t_count_campus	1	0.2
1663.686	ntcount_campus	1	0.2
1664.26	ntcount_campus	1	0.2
1664.814	ntcount_campus	1	0.2
1665.37	ntcount_campus	1	0.2
1665.946	ntcount_campus	1	0.2
1666.522	ntcount_campus	1	0.2
1667.076	ntcount_campus	1	0.2
1667.63	ntcount_campus	1	0.2
1668.208	t_count_campus	1	0.2
1668.784	ntcount_campus	1	0.2
1669.338	t_count_campus	1	0.2
1669.916	ntcount_campus	1	0.2
1670.49	ntcount_campus	1	0.2
1671.622	ntcount_campus	1	0.2
1672.174	ntcount_campus	1	0.2
1672.73	ntcount_campus	1	0.2
1673.284	ntcount_campus	1	0.2
1673.84	t_count_campus	1	0.2
1674.396	ntcount_campus	1	0.2
1674.948	ntcount_campus	1	0.2
1675.502	ntcount_campus	1	0.2
1676.058	t_count_campus	1	0.2
1676.614	ntcount_campus	1	0.2
1677.166	ntcount_campus	1	0.2
1677.742	ntcount_campus	1	0.2
1678.298	t_count_campus	1	0.2
1678.854	ntcount_campus	1	0.2
1679.406	ntcount_campus	1	0.2
1679.962	ntcount_campus	1	0.2
1680.516	ntcount_campus	1	0.2
1681.092	ntcount_campus	1	0.2
1681.668	ntcount_campus	1	0.2
1682.222	ntcount_campus	1	0.2
1682.778	ntcount_campus	1	0.2
1683.354	t_count_campus	1	0.2
1683.91	ntcount_campus	1	0.2
1684.464	t_count_campus	1	0.2
1685.018	t_count_campus	1	0.2
1685.596	ntcount_campus	1	0.2
1686.17	ntcount_campus	1	0.2
1686.724	ntcount_campus	1	0.2
1687.278	ntcount_campus	1	0.2
1687.834	ntcount_campus	1	0.2
1688.388	ntcount_campus	1	0.2
1688.942	ntcount_campus	1	0.2
1689.52	t_count_campus	1	0.2
1690.096	ntcount_campus	1	0.2
1690.67	ntcount_campus	1	0.2
1691.226	t_count_campus	1	0.2
1691.782	ntcount_campus	1	0.2
1692.334	ntcount_campus	1	0.2
1692.89	ntcount_campus	1	0.2
1693.466	ntcount_campus	1	0.2
1694.598	ntcount_campus	1	0.2
1695.172	ntcount_campus	1	0.2
1695.726	ntcount_campus	1	0.2
1696.282	ntcount_campus	1	0.2
1696.858	t_count_campus	1	0.2
1697.414	ntcount_campus	1	0.2
1697.99	t_count_campus	1	0.2
1698.566	t_count_campus	1	0.2
1699.12	ntcount_campus	1	0.2
1699.694	ntcount_campus	1	0.2
1700.27	ntcount_campus	1	0.2
1700.846	ntcount_campus	1	0.2
1701.402	ntcount_campus	1	0.2
1701.978	t_count_campus	1	0.2
1702.556	ntcount_campus	1	0.2
1703.686	t_count_campus	1	0.2
1704.22	ntcount_campus	1	0.2
1704.752	t_count_campus	1	0.2
1705.308	ntcount_campus	1	0.2
1705.86	ntcount_campus	1	0.2
1706.414	ntcount_campus	1	0.2
1706.97	t_count_campus	1	0.2
1707.526	ntcount_campus	1	0.2
1708.078	ntcount_campus	1	0.2
1708.634	ntcount_campus	1	0.2
1709.21	ntcount_campus	1	0.2
1709.764	ntcount_campus	1	0.2
1710.34	ntcount_campus	1	0.2
1710.896	t_count_campus	1	0.2
1711.452	ntcount_campus	1	0.2
1712.004	ntcount_campus	1	0.2
1716	t_count_lab	1	0.2
1716.576	ntcount_lab	1	0.2
1717.13	ntcount_lab	1	0.2
1717.728	ntcount_lab	1	0.2
1718.304	t_count_lab	1	0.2
1718.86	ntcount_lab	1	0.2
1719.412	ntcount_lab	1	0.2
1719.968	ntcount_lab	1	0.2
1720.522	ntcount_lab	1	0.2
1721.098	ntcount_lab	1	0.2
1725.096	ntcount_lab	1	0.2
1725.65	ntcount_lab	1	0.2
1726.204	ntcount_lab	1	0.2
1726.76	ntcount_lab	1	0.2
1727.336	ntcount_lab	1	0.2
1727.912	ntcount_lab	1	0.2
1728.466	ntcount_lab	1	0.2
1729.022	t_count_lab	1	0.2
1729.578	ntcount_lab	1	0.2
1730.13	ntcount_lab	1	0.2
1730.684	ntcount_lab	1	0.2
1731.24	t_count_lab	1	0.2
1731.818	ntcount_lab	1	0.2
1732.37	t_count_lab	1	0.2
1732.948	t_count_lab	1	0.2
1733.502	ntcount_lab	1	0.2
1734.056	ntcount_lab	1	0.2
1734.61	ntcount_lab	1	0.2
1735.164	ntcount_lab	1	0.2
1735.72	t_count_lab	1	0.2
1736.298	ntcount_lab	1	0.2
1736.872	ntcount_lab	1	0.2
1737.448	ntcount_lab	1	0.2
1738.002	ntcount_lab	1	0.2
1738.556	ntcount_lab	1	0.2
1739.112	t_count_lab	1	0.2
1739.668	t_count_lab	1	0.2
1740.222	ntcount_lab	1	0.2
1740.776	ntcount_lab	1	0.2
1741.33	ntcount_lab	1	0.2
1741.906	ntcount_lab	1	0.2
1742.46	ntcount_lab	1	0.2
1743.016	ntcount_lab	1	0.2
1743.57	ntcount_lab	1	0.2
1744.124	ntcount_lab	1	0.2
1744.68	ntcount_lab	1	0.2
1745.234	ntcount_lab	1	0.2
1745.788	ntcount_lab	1	0.2
1746.364	ntcount_lab	1	0.2
1746.92	ntcount_lab	1	0.2
1747.496	t_count_lab	1	0.2
1748.052	ntcount_lab	1	0.2
1748.626	ntcount_lab	1	0.2
1749.18	ntcount_lab	1	0.2
1749.756	ntcount_lab	1	0.2
1750.332	ntcount_lab	1	0.2
1750.888	t_count_lab	1	0.2
1751.444	ntcount_lab	1	0.2
1751.996	ntcount_lab	1	0.2
1752.552	t_count_lab	1	0.2
1753.108	ntcount_lab	1	0.2
1753.682	ntcount_lab	1	0.2
1754.28	ntcount_lab	1	0.2
1754.856	ntcount_lab	1	0.2
1755.41	ntcount_lab	1	0.2
1755.964	ntcount_lab	1	0.2
1756.52	ntcount_lab	1	0.2
1757.096	t_count_lab	1	0.2
1757.652	ntcount_lab	1	0.2
1758.228	t_count_lab	1	0.2
1758.826	ntcount_lab	1	0.2
1759.38	t_count_lab	1	0.2
1759.934	ntcount_lab	1	0.2
1760.488	ntcount_lab	1	0.2
1761.044	t_count_lab	1	0.2
1761.598	ntcount_lab	1	0.2
1762.172	ntcount_lab	1	0.2
1762.748	ntcount_lab	1	0.2
1763.304	ntcount_lab	1	0.2
1763.858	ntcount_lab	1	0.2
1764.412	ntcount_lab	1	0.2
1764.968	ntcount_lab	1	0.2
1765.524	t_count_lab	1	0.2
1766.1	ntcount_lab	1	0.2
1766.674	ntcount_lab	1	0.2
1767.252	t_count_lab	1	0.2
1767.806	ntcount_lab	1	0.2
1768.36	ntcount_lab	1	0.2
1768.914	ntcount_lab	1	0.2
1769.49	ntcount_lab	1	0.2
1770.044	ntcount_lab	1	0.2
1770.622	t_count_lab	1	0.2
1771.178	ntcount_lab	1	0.2
1771.73	ntcount_lab	1	0.2
1772.306	ntcount_lab	1	0.2
1772.862	t_count_lab	1	0.2
1773.418	ntcount_lab	1	0.2
1773.97	ntcount_lab	1	0.2
1774.546	ntcount_lab	1	0.2
1775.1	ntcount_lab	1	0.2
1775.656	ntcount_lab	1	0.2
1776.21	ntcount_lab	1	0.2
1776.786	ntcount_lab	1	0.2
1777.362	ntcount_lab	1	0.2
1777.918	t_count_lab	1	0.2
1778.494	ntcount_lab	1	0.2
1779.068	ntcount_lab	1	0.2
1779.624	ntcount_lab	1	0.2
1780.18	t_count_lab	1	0.2
1780.734	ntcount_lab	1	0.2
1781.288	ntcount_lab	1	0.2
1781.864	ntcount_lab	1	0.2
1782.418	ntcount_lab	1	0.2
1782.994	ntcount_lab	1	0.2
1783.548	ntcount_lab	1	0.2
1784.104	t_count_lab	1	0.2
1784.66	ntcount_lab	1	0.2
1785.234	ntcount_lab	1	0.2
1785.81	ntcount_lab	1	0.2
1786.386	ntcount_lab	1	0.2
1786.94	ntcount_lab	1	0.2
1787.496	ntcount_lab	1	0.2
1788.052	t_count_lab	1	0.2
1788.628	ntcount_lab	1	0.2
1789.18	ntcount_lab	1	0.2
1789.736	t_count_lab	1	0.2
1790.292	ntcount_lab	1	0.2
1790.888	ntcount_lab	1	0.2
1791.442	ntcount_lab	1	0.2
1791.996	ntcount_lab	1	0.2
1792.552	ntcount_lab	1	0.2
1793.108	t_count_lab	1	0.2
1793.662	t_count_lab	1	0.2
1794.218	ntcount_lab	1	0.2
1794.792	ntcount_lab	1	0.2
1795.346	ntcount_lab	1	0.2
1795.9	ntcount_lab	1	0.2
1796.456	t_count_lab	1	0.2
1797.012	ntcount_lab	1	0.2
1797.564	ntcount_lab	1	0.2
1798.12	t_count_lab	1	0.2
1798.676	ntcount_lab	1	0.2
1799.25	ntcount_lab	1	0.2
1799.804	ntcount_lab	1	0.2
1800.36	ntcount_lab	1	0.2
1800.914	ntcount_lab	1	0.2
1801.49	ntcount_lab	1	0.2
1802.066	ntcount_lab	1	0.2
1802.642	ntcount_lab	1	0.2
1803.196	ntcount_lab	1	0.2
1807.192	t_count_lab	1	0.2
1807.766	ntcount_lab	1	0.2
1808.342	ntcount_lab	1	0.2
1808.918	ntcount_lab	1	0.2
1809.472	ntcount_lab	1	0.2
1810.028	ntcount_lab	1	0.2
1810.604	ntcount_lab	1	0.2
1811.158	ntcount_lab	1	0.2
1811.712	ntcount_lab	1	0.2
1812.268	t_count_lab	1	0.2
1812.824	ntcount_lab	1	0.2
1813.376	ntcount_lab	1	0.2
1813.932	t_count_lab	1	0.2
1814.488	ntcount_lab	1	0.2
1815.064	t_count_lab	1	0.2
1815.618	ntcount_lab	1	0.2
1816.172	ntcount_lab	1	0.2
1816.728	t_count_lab	1	0.2
1817.282	ntcount_lab	1	0.2
1817.856	ntcount_lab	1	0.2
1818.412	t_count_lab	1	0.2
1818.968	ntcount_lab	1	0.2
1819.52	ntcount_lab	1	0.2
1820.096	ntcount_lab	1	0.2
1820.652	ntcount_lab	1	0.2
1821.206	ntcount_lab	1	0.2
1821.782	ntcount_lab	1	0.2
1822.338	t_count_lab	1	0.2
1822.894	ntcount_lab	1	0.2
1823.468	ntcount_lab	1	0.2
1824.022	ntcount_lab	1	0.2
1824.576	ntcount_lab	1	0.2
1825.132	ntcount_lab	1	0.2
1825.686	ntcount_lab	1	0.2
1826.262	ntcount_lab	1	0.2
1826.816	ntcount_lab	1	0.2
1827.392	ntcount_lab	1	0.2
1827.968	ntcount_lab	1	0.2
1828.524	ntcount_lab	1	0.2
1829.078	ntcount_lab	1	0.2
1829.632	ntcount_lab	1	0.2
1830.188	ntcount_lab	1	0.2
1830.742	ntcount_lab	1	0.2
1831.296	ntcount_lab	1	0.2
1831.872	ntcount_lab	1	0.2
1832.428	ntcount_lab	1	0.2
1832.982	ntcount_lab	1	0.2
1833.536	ntcount_lab	1	0.2
1834.112	ntcount_lab	1	0.2
1834.668	ntcount_lab	1	0.2
1835.244	ntcount_lab	1	0.2
1835.82	ntcount_lab	1	0.2
1837.504	ntcount_lab	1	0.2
1838.06	ntcount_lab	1	0.2
1838.614	ntcount_lab	1	0.2
1839.19	ntcount_lab	1	0.2
1839.766	ntcount_lab	1	0.2
1840.322	t_count_lab	1	0.2
1840.898	ntcount_lab	1	0.2
1841.452	ntcount_lab	1	0.2
1842.006	ntcount_lab	1	0.2
1842.582	ntcount_lab	1	0.2
1843.136	ntcount_lab	1	0.2
1843.712	ntcount_lab	1	0.2
1844.268	t_count_lab	1	0.2
1844.824	t_count_lab	1	0.2
1845.4	ntcount_lab	1	0.2
1845.954	t_count_lab	1	0.2
1846.51	ntcount_lab	1	0.2
1847.064	t_count_lab	1	0.2
1847.64	ntcount_lab	1	0.2
1848.192	ntcount_lab	1	0.2
1848.748	ntcount_lab	1	0.2
1849.304	t_count_lab	1	0.2
1849.858	ntcount_lab	1	0.2
1850.432	ntcount_lab	1	0.2
1850.988	ntcount_lab	1	0.2
1851.542	ntcount_lab	1	0.2
1852.096	ntcount_lab	1	0.2
1852.652	ntcount_lab	1	0.2
1853.206	ntcount_lab	1	0.2
1853.782	ntcount_lab	1	0.2
1854.336	ntcount_lab	1	0.2
1854.912	ntcount_lab	1	0.2
1855.488	ntcount_lab	1	0.2
1856.064	ntcount_lab	1	0.2
1856.64	ntcount_lab	1	0.2
1857.196	ntcount_lab	1	0.2
1857.75	ntcount_lab	1	0.2
1858.304	ntcount_lab	1	0.2
1858.86	ntcount_lab	1	0.2
1859.436	ntcount_lab	1	0.2
1860.012	ntcount_lab	1	0.2
1860.568	t_count_lab	1	0.2
1861.144	ntcount_lab	1	0.2
1861.696	ntcount_lab	1	0.2
1862.252	ntcount_lab	1	0.2
1862.828	ntcount_lab	1	0.2
1863.382	ntcount_lab	1	0.2
1863.958	ntcount_lab	1	0.2
1864.514	t_count_lab	1	0.2
1865.07	ntcount_lab	1	0.2
1865.624	t_count_lab	1	0.2
1866.178	ntcount_lab	1	0.2
1866.752	ntcount_lab	1	0.2
1867.308	ntcount_lab	1	0.2
1867.884	ntcount_lab	1	0.2
1868.46	ntcount_lab	1	0.2
1869.014	ntcount_lab	1	0.2
1869.568	ntcount_lab	1	0.2
1870.124	ntcount_lab	1	0.2
1870.72	ntcount_lab	1	0.2
1871.276	ntcount_lab	1	0.2
1871.852	ntcount_lab	1	0.2
1872.428	t_count_lab	1	0.2
1872.984	ntcount_lab	1	0.2
1873.536	ntcount_lab	1	0.2
1874.092	t_count_lab	1	0.2
1874.648	t_count_lab	1	0.2
1875.224	ntcount_lab	1	0.2
1875.798	ntcount_lab	1	0.2
1876.374	ntcount_lab	1	0.2
1876.95	ntcount_lab	1	0.2
1877.504	ntcount_lab	1	0.2
1878.06	ntcount_lab	1	0.2
1878.636	t_count_lab	1	0.2
1879.192	ntcount_lab	1	0.2
1879.744	ntcount_lab	1	0.2
1880.32	ntcount_lab	1	0.2
1880.876	t_count_lab	1	0.2
1881.454	ntcount_lab	1	0.2
1882.006	ntcount_lab	1	0.2
1882.56	ntcount_lab	1	0.2
1883.136	ntcount_lab	1	0.2
1883.692	ntcount_lab	1	0.2
1884.246	ntcount_lab	1	0.2
1884.8	ntcount_lab	1	0.2
1885.356	ntcount_lab	1	0.2
1885.932	ntcount_lab	1	0.2
1886.486	ntcount_lab	1	0.2
1887.062	ntcount_lab	1	0.2
1887.618	t_count_lab	1	0.2
1888.174	ntcount_lab	1	0.2
1888.726	ntcount_lab	1	0.2
1889.282	t_count_lab	1	0.2
1889.838	ntcount_lab	1	0.2
1890.392	t_count_lab	1	0.2
1890.968	t_count_lab	1	0.2
1894.962	ntcount_lab	1	0.2
1895.56	ntcount_lab	1	0.2
1896.114	ntcount_lab	1	0.2
1896.69	ntcount_lab	1	0.2
1897.246	t_count_lab	1	0.2
1897.802	ntcount_lab	1	0.2
1898.354	ntcount_lab	1	0.2
1898.93	ntcount_lab	1	0.2
1899.484	ntcount_lab	1	0.2
1900.04	ntcount_lab	1	0.2
1900.594	ntcount_lab	1	0.2
1901.148	ntcount_lab	1	0.2
1901.704	t_count_lab	1	0.2
1902.282	ntcount_lab	1	0.2
1902.856	ntcount_lab	1	0.2
1903.432	ntcount_lab	1	0.2
1903.988	t_count_lab	1	0.2
1904.542	ntcount_lab	1	0.2
1905.116	ntcount_lab	1	0.2
1905.672	ntcount_lab	1	0.2
1906.226	ntcount_lab	1	0.2
1906.76	ntcount_lab	1	0.2
1907.314	ntcount_lab	1	0.2
1907.868	ntcount_lab	1	0.2
1908.424	ntcount_lab	1	0.2
1909	ntcount_lab	1	0.2
1909.556	t_count_lab	1	0.2
1910.132	ntcount_lab	1	0.2
1910.706	ntcount_lab	1	0.2
1911.26	ntcount_lab	1	0.2
1911.816	t_count_lab	1	0.2
1912.394	ntcount_lab	1	0.2
1912.946	ntcount_lab	1	0.2
1913.5	ntcount_lab	1	0.2
1914.056	ntcount_lab	1	0.2
1914.612	t_count_lab	1	0.2
1915.166	ntcount_lab	1	0.2
1915.72	ntcount_lab	1	0.2
1916.296	ntcount_lab	1	0.2
1916.85	ntcount_lab	1	0.2
1917.426	ntcount_lab	1	0.2
1917.98	ntcount_lab	1	0.2
1918.536	t_count_lab	1	0.2
1919.092	ntcount_lab	1	0.2
1919.644	ntcount_lab	1	0.2
1920.22	ntcount_lab	1	0.2
1920.776	ntcount_lab	1	0.2
1921.33	ntcount_lab	1	0.2
1921.884	ntcount_lab	1	0.2
1922.44	ntcount_lab	1	0.2
1922.994	ntcount_lab	1	0.2
1923.57	ntcount_lab	1	0.2
1924.146	ntcount_lab	1	0.2
1924.7	ntcount_lab	1	0.2
1925.256	ntcount_lab	1	0.2
1925.81	ntcount_lab	1	0.2
1926.364	ntcount_lab	1	0.2
1926.92	t_count_lab	1	0.2
1927.476	ntcount_lab	1	0.2
1928.03	t_count_lab	1	0.2
1928.586	ntcount_lab	1	0.2
1929.138	ntcount_lab	1	0.2
1929.694	t_count_lab	1	0.2
1930.25	ntcount_lab	1	0.2
1930.804	t_count_lab	1	0.2
1931.358	ntcount_lab	1	0.2
1931.912	ntcount_lab	1	0.2
1932.488	ntcount_lab	1	0.2
1933.042	ntcount_lab	1	0.2
1933.596	ntcount_lab	1	0.2
1934.152	ntcount_lab	1	0.2
1934.728	ntcount_lab	1	0.2
1935.282	ntcount_lab	1	0.2
1935.838	t_count_lab	1	0.2
1936.394	ntcount_lab	1	0.2
1936.946	ntcount_lab	1	0.2
1937.5	ntcount_lab	1	0.2
1938.056	ntcount_lab	1	0.2
1938.61	ntcount_lab	1	0.2
1939.186	ntcount_lab	1	0.2
1939.74	ntcount_lab	1	0.2
1940.296	t_count_lab	1	0.2
1940.852	ntcount_lab	1	0.2
1941.404	ntcount_lab	1	0.2
1942.002	ntcount_lab	1	0.2
1942.556	ntcount_lab	1	0.2
1943.112	ntcount_lab	1	0.2
1943.688	ntcount_lab	1	0.2
1944.264	t_count_lab	1	0.2
1944.842	ntcount_lab	1	0.2
1945.394	ntcount_lab	1	0.2
1945.948	ntcount_lab	1	0.2
1946.504	t_count_lab	1	0.2
1947.082	ntcount_lab	1	0.2
1947.634	ntcount_lab	1	0.2
1948.21	ntcount_lab	1	0.2
1948.786	ntcount_lab	1	0.2
1949.34	ntcount_lab	1	0.2
1949.896	ntcount_lab	1	0.2
1950.45	ntcount_lab	1	0.2
1951.004	ntcount_lab	1	0.2
1951.56	ntcount_lab	1	0.2
1952.136	ntcount_lab	1	0.2
1952.712	ntcount_lab	1	0.2
1953.266	ntcount_lab	1	0.2
1953.82	ntcount_lab	1	0.2
1954.376	ntcount_lab	1	0.2
1954.93	ntcount_lab	1	0.2
1955.486	t_count_lab	1	0.2
1956.062	ntcount_lab	1	0.2
1956.638	t_count_lab	1	0.2
1957.194	ntcount_lab	1	0.2
1957.768	ntcount_lab	1	0.2
1958.344	ntcount_lab	1	0.2
1958.92	ntcount_lab	1	0.2
1959.476	t_count_lab	1	0.2
1960.052	ntcount_lab	1	0.2
1960.604	ntcount_lab	1	0.2
1961.16	ntcount_lab	1	0.2
1961.714	ntcount_lab	1	0.2
1962.268	ntcount_lab	1	0.2
1962.824	ntcount_lab	1	0.2
1963.38	t_count_lab	1	0.2
1963.934	ntcount_lab	1	0.2
1964.53	ntcount_lab	1	0.2
1965.084	ntcount_lab	1	0.2
1965.64	ntcount_lab	1	0.2
1966.194	ntcount_lab	1	0.2
1966.77	ntcount_lab	1	0.2
1967.324	ntcount_lab	1	0.2
1967.88	ntcount_lab	1	0.2
1968.456	ntcount_lab	1	0.2
1969.01	ntcount_lab	1	0.2
1969.564	ntcount_lab	1	0.2
1970.12	ntcount_lab	1	0.2
1970.674	ntcount_lab	1	0.2
1971.228	ntcount_lab	1	0.2
1971.784	ntcount_lab	1	0.2
1972.36	ntcount_lab	1	0.2
1972.914	ntcount_lab	1	0.2
1973.49	ntcount_lab	1	0.2
1974.046	t_count_lab	1	0.2
1974.602	ntcount_lab	1	0.2
1975.154	ntcount_lab	1	0.2
1975.73	ntcount_lab	1	0.2
1976.306	ntcount_lab	1	0.2
1976.882	ntcount_lab	1	0.2
1977.458	ntcount_lab	1	0.2
1978.036	t_count_lab	1	0.2
1978.59	ntcount_lab	1	0.2
1983.816	t_count_lab	1	0.2
1984.392	ntcount_lab	1	0.2
1984.946	ntcount_lab	1	0.2
1985.5	ntcount_lab	1	0.2
1986.056	t_count_lab	1	0.2
1986.612	ntcount_lab	1	0.2
1987.164	ntcount_lab	1	0.2
1987.72	ntcount_lab	1	0.2
1988.274	ntcount_lab	1	0.2
1988.85	ntcount_lab	1	0.2
1989.404	ntcount_lab	1	0.2
1989.96	ntcount_lab	1	0.2
1990.514	ntcount_lab	1	0.2
1991.068	ntcount_lab	1	0.2
1991.624	ntcount_lab	1	0.2
1992.178	ntcount_lab	1	0.2
1992.754	ntcount_lab	1	0.2
1993.33	ntcount_lab	1	0.2
1993.884	ntcount_lab	1	0.2
1994.44	ntcount_lab	1	0.2
1994.996	t_count_lab	1	0.2
1995.572	ntcount_lab	1	0.2
1996.124	ntcount_lab	1	0.2
1996.68	t_count_lab	1	0.2
1997.258	ntcount_lab	1	0.2
1997.832	t_count_lab	1	0.2
1998.388	t_count_lab	1	0.2
1998.942	ntcount_lab	1	0.2
1999.496	ntcount_lab	1	0.2
2000.052	t_count_lab	1	0.2
2000.628	ntcount_lab	1	0.2
2001.18	ntcount_lab	1	0.2
2001.736	ntcount_lab	1	0.2
2002.292	t_count_lab	1	0.2
2002.846	t_count_lab	1	0.2
2003.422	ntcount_lab	1	0.2
2003.976	ntcount_lab	1	0.2
2004.552	ntcount_lab	1	0.2
2005.128	ntcount_lab	1	0.2
2005.682	ntcount_lab	1	0.2
2006.236	ntcount_lab	1	0.2
2006.792	ntcount_lab	1	0.2
2007.368	ntcount_lab	1	0.2
2007.924	t_count_lab	1	0.2
2008.5	t_count_lab	1	0.2
2009.076	ntcount_lab	1	0.2
2009.628	ntcount_lab	1	0.2
2010.184	ntcount_lab	1	0.2
2010.74	t_count_lab	1	0.2
2011.294	ntcount_lab	1	0.2
2011.848	ntcount_lab	1	0.2
2012.402	ntcount_lab	1	0.2
2012.956	ntcount_lab	1	0.2
2013.512	t_count_lab	1	0.2
2014.068	t_count_lab	1	0.2
2014.622	ntcount_lab	1	0.2
2015.198	t_count_lab	1	0.2
2015.754	ntcount_lab	1	0.2
2016.328	ntcount_lab	1	0.2
2016.904	ntcount_lab	1	0.2
2017.48	t_count_lab	1	0.2
2018.036	ntcount_lab	1	0.2
2018.588	ntcount_lab	1	0.2
2019.144	ntcount_lab	1	0.2
2019.7	t_count_lab	1	0.2
2020.254	t_count_lab	1	0.2
2020.83	ntcount_lab	1	0.2
2021.404	ntcount_lab	1	0.2
2021.96	ntcount_lab	1	0.2
2022.514	ntcount_lab	1	0.2
2023.068	ntcount_lab	1	0.2
2023.624	ntcount_lab	1	0.2
2024.178	ntcount_lab	1	0.2
2024.734	ntcount_lab	1	0.2
2025.288	ntcount_lab	1	0.2
2025.842	ntcount_lab	1	0.2
2026.396	ntcount_lab	1	0.2
2026.952	ntcount_lab	1	0.2
2027.506	ntcount_lab	1	0.2
2028.06	ntcount_lab	1	0.2
2028.636	ntcount_lab	1	0.2
2029.214	ntcount_lab	1	0.2
2029.788	ntcount_lab	1	0.2
2030.344	ntcount_lab	1	0.2
2030.92	ntcount_lab	1	0.2
2031.474	ntcount_lab	1	0.2
2032.05	ntcount_lab	1	0.2
2032.604	ntcount_lab	1	0.2
2033.16	t_count_lab	1	0.2
2033.738	ntcount_lab	1	0.2
2034.312	ntcount_lab	1	0.2
2034.866	ntcount_lab	1	0.2
2035.42	ntcount_lab	1	0.2
2035.976	ntcount_lab	1	0.2
2036.53	ntcount_lab	1	0.2
2037.084	ntcount_lab	1	0.2
2037.66	ntcount_lab	1	0.2
2038.216	ntcount_lab	1	0.2
2038.772	t_count_lab	1	0.2
2039.326	ntcount_lab	1	0.2
2039.88	t_count_lab	1	0.2
2040.458	ntcount_lab	1	0.2
2041.01	ntcount_lab	1	0.2
2041.586	ntcount_lab	1	0.2
2042.14	ntcount_lab	1	0.2
2042.696	ntcount_lab	1	0.2
2043.25	ntcount_lab	1	0.2
2043.804	ntcount_lab	1	0.2
2044.382	t_count_lab	1	0.2
2044.938	ntcount_lab	1	0.2
2045.512	ntcount_lab	1	0.2
2046.066	ntcount_lab	1	0.2
2046.622	ntcount_lab	1	0.2
2047.176	ntcount_lab	1	0.2
2047.73	ntcount_lab	1	0.2
2048.286	t_count_lab	1	0.2
2048.84	t_count_lab	1	0.2
2049.396	ntcount_lab	1	0.2
2049.972	t_count_lab	1	0.2
2050.526	ntcount_lab	1	0.2
2051.08	t_count_lab	1	0.2
2051.636	t_count_lab	1	0.2
2052.212	ntcount_lab	1	0.2
2052.766	t_count_lab	1	0.2
2053.322	ntcount_lab	1	0.2
2053.918	t_count_lab	1	0.2
2054.494	t_count_lab	1	0.2
2055.05	ntcount_lab	1	0.2
2055.602	ntcount_lab	1	0.2
2056.158	ntcount_lab	1	0.2
2056.712	t_count_lab	1	0.2
2057.29	ntcount_lab	1	0.2
2057.842	ntcount_lab	1	0.2
2058.418	ntcount_lab	1	0.2
2058.974	ntcount_lab	1	0.2
2059.55	ntcount_lab	1	0.2
2060.104	ntcount_lab	1	0.2
2060.658	ntcount_lab	1	0.2
2061.214	t_count_lab	1	0.2
2061.77	ntcount_lab	1	0.2
2062.322	ntcount_lab	1	0.2
2062.878	ntcount_lab	1	0.2
2063.432	ntcount_lab	1	0.2
2064.008	ntcount_lab	1	0.2
2064.562	ntcount_lab	1	0.2
2065.16	ntcount_lab	1	0.2
2065.714	ntcount_lab	1	0.2
2066.27	ntcount_lab	1	0.2
2066.824	ntcount_lab	1	0.2
2067.378	ntcount_lab	1	0.2
2073.416	ntcount_lab	1	0.2
2073.992	t_count_lab	1	0.2
2074.57	ntcount_lab	1	0.2
2075.122	ntcount_lab	1	0.2
2075.678	ntcount_lab	1	0.2
2076.232	ntcount_lab	1	0.2
2076.808	ntcount_lab	1	0.2
2077.384	ntcount_lab	1	0.2
2077.938	ntcount_lab	1	0.2
2078.494	t_count_lab	1	0.2
2079.048	t_count_lab	1	0.2
2079.604	ntcount_lab	1	0.2
2080.178	ntcount_lab	1	0.2
2080.734	ntcount_lab	1	0.2
2081.31	t_count_lab	1	0.2
2081.866	ntcount_lab	1	0.2
2082.418	ntcount_lab	1	0.2
2082.974	ntcount_lab	1	0.2
2083.528	ntcount_lab	1	0.2
2084.082	ntcount_lab	1	0.2
2084.658	ntcount_lab	1	0.2
2085.234	ntcount_lab	1	0.2
2085.79	ntcount_lab	1	0.2
2086.344	ntcount_lab	1	0.2
2086.898	ntcount_lab	1	0.2
2087.454	t_count_lab	1	0.2
2088.032	ntcount_lab	1	0.2
2088.584	ntcount_lab	1	0.2
2089.14	t_count_lab	1	0.2
2089.716	ntcount_lab	1	0.2
2090.29	ntcount_lab	1	0.2
2090.846	ntcount_lab	1	0.2
2091.4	t_count_lab	1	0.2
2091.956	ntcount_lab	1	0.2
2092.53	ntcount_lab	1	0.2
2093.106	ntcount_lab	1	0.2
2093.662	t_count_lab	1	0.2
2094.218	ntcount_lab	1	0.2
2094.77	ntcount_lab	1	0.2
2095.326	ntcount_lab	1	0.2
2095.88	ntcount_lab	1	0.2
2096.434	ntcount_lab	1	0.2
2096.99	t_count_lab	1	0.2
2097.544	t_count_lab	1	0.2
2098.122	ntcount_lab	1	0.2
2098.674	ntcount_lab	1	0.2
2099.23	ntcount_lab	1	0.2
2099.784	ntcount_lab	1	0.2
2100.36	t_count_lab	1	0.2
2100.916	ntcount_lab	1	0.2
2101.47	ntcount_lab	1	0.2
2102.046	ntcount_lab	1	0.2
2102.622	ntcount_lab	1	0.2
2103.176	t_count_lab	1	0.2
2103.754	ntcount_lab	1	0.2
2104.306	ntcount_lab	1	0.2
2104.862	ntcount_lab	1	0.2
2105.438	ntcount_lab	1	0.2
2105.992	ntcount_lab	1	0.2
2106.568	ntcount_lab	1	0.2
2107.144	ntcount_lab	1	0.2
2107.7	t_count_lab	1	0.2
2108.254	t_count_lab	1	0.2
2108.808	t_count_lab	1	0.2
2109.364	t_count_lab	1	0.2
2109.92	ntcount_lab	1	0.2
2110.494	ntcount_lab	1	0.2
2111.07	ntcount_lab	1	0.2
2111.624	ntcount_lab	1	0.2
2112.178	ntcount_lab	1	0.2
2112.734	t_count_lab	1	0.2
2113.29	ntcount_lab	1	0.2
2113.864	ntcount_lab	1	0.2
2114.44	t_count_lab	1	0.2
2115.018	ntcount_lab	1	0.2
2115.57	ntcount_lab	1	0.2
2116.126	ntcount_lab	1	0.2
2116.68	ntcount_lab	1	0.2
2117.234	ntcount_lab	1	0.2
2117.79	ntcount_lab	1	0.2
2118.366	ntcount_lab	1	0.2
2118.92	ntcount_lab	1	0.2
2119.476	t_count_lab	1	0.2
2120.052	ntcount_lab	1	0.2
2120.606	ntcount_lab	1	0.2
2121.182	ntcount_lab	1	0.2
2121.758	ntcount_lab	1	0.2
2122.334	ntcount_lab	1	0.2
2122.91	ntcount_lab	1	0.2
2123.464	ntcount_lab	1	0.2
2124.04	ntcount_lab	1	0.2
2124.594	ntcount_lab	1	0.2
2125.17	ntcount_lab	1	0.2
2125.746	ntcount_lab	1	0.2
2126.302	ntcount_lab	1	0.2
2126.856	ntcount_lab	1	0.2
2127.41	ntcount_lab	1	0.2
2127.966	ntcount_lab	1	0.2
2128.52	ntcount_lab	1	0.2
2129.074	ntcount_lab	1	0.2
2129.65	ntcount_lab	1	0.2
2130.206	t_count_lab	1	0.2
2130.784	ntcount_lab	1	0.2
2131.336	ntcount_lab	1	0.2
2131.89	ntcount_lab	1	0.2
2132.446	t_count_lab	1	0.2
2133.002	ntcount_lab	1	0.2
2133.554	ntcount_lab	1	0.2
2134.11	ntcount_lab	1	0.2
2134.664	ntcount_lab	1	0.2
2135.218	ntcount_lab	1	0.2
2135.794	ntcount_lab	1	0.2
2136.35	ntcount_lab	1	0.2
2136.904	ntcount_lab	1	0.2
2137.458	ntcount_lab	1	0.2
2138.014	ntcount_lab	1	0.2
2138.59	ntcount_lab	1	0.2
2139.144	ntcount_lab	1	0.2
2139.72	ntcount_lab	1	0.2
2140.274	ntcount_lab	1	0.2
2140.83	ntcount_lab	1	0.2
2141.406	ntcount_lab	1	0.2
2141.96	ntcount_lab	1	0.2
2142.536	ntcount_lab	1	0.2
2143.112	ntcount_lab	1	0.2
2143.666	ntcount_lab	1	0.2
2144.222	ntcount_lab	1	0.2
2144.776	ntcount_lab	1	0.2
2145.33	ntcount_lab	1	0.2
2145.886	t_count_lab	1	0.2
2146.44	t_count_lab	1	0.2
2147.018	ntcount_lab	1	0.2
2147.572	t_count_lab	1	0.2
2148.126	t_count_lab	1	0.2
2148.682	ntcount_lab	1	0.2
2149.234	ntcount_lab	1	0.2
2149.79	ntcount_lab	1	0.2
2150.344	ntcount_lab	1	0.2
2150.92	ntcount_lab	1	0.2
2151.474	ntcount_lab	1	0.2
2152.05	ntcount_lab	1	0.2
2152.606	ntcount_lab	1	0.2
2153.16	ntcount_lab	1	0.2
2153.714	ntcount_lab	1	0.2
2154.29	ntcount_lab	1	0.2
2154.846	ntcount_lab	1	0.2
2155.4	ntcount_lab	1	0.2
2155.956	t_count_lab	1	0.2
2156.532	ntcount_lab	1	0.2
2157.086	ntcount_lab	1	0.2
2161.084	ntcount_oval	1	0.2
2161.66	ntcount_oval	1	0.2
2162.194	t_count_oval	1	0.2
2162.75	ntcount_oval	1	0.2
2163.302	ntcount_oval	1	0.2
2163.878	ntcount_oval	1	0.2
2164.454	ntcount_oval	1	0.2
2165.032	t_count_oval	1	0.2
2165.588	ntcount_oval	1	0.2
2166.142	t_count_oval	1	0.2
2166.718	ntcount_oval	1	0.2
2167.314	t_count_oval	1	0.2
2167.892	ntcount_oval	1	0.2
2168.466	ntcount_oval	1	0.2
2169.596	ntcount_oval	1	0.2
2170.15	ntcount_oval	1	0.2
2170.706	ntcount_oval	1	0.2
2171.302	ntcount_oval	1	0.2
2171.9	ntcount_oval	1	0.2
2172.476	ntcount_oval	1	0.2
2173.052	ntcount_oval	1	0.2
2173.606	ntcount_oval	1	0.2
2174.182	ntcount_oval	1	0.2
2174.758	ntcount_oval	1	0.2
2175.314	ntcount_oval	1	0.2
2175.868	ntcount_oval	1	0.2
2176.466	ntcount_oval	1	0.2
2177.042	ntcount_oval	1	0.2
2177.596	ntcount_oval	1	0.2
2178.172	ntcount_oval	1	0.2
2178.726	ntcount_oval	1	0.2
2179.302	ntcount_oval	1	0.2
2179.858	ntcount_oval	1	0.2
2180.434	ntcount_oval	1	0.2
2181.03	ntcount_oval	1	0.2
2181.586	t_count_oval	1	0.2
2182.164	ntcount_oval	1	0.2
2182.716	ntcount_oval	1	0.2
2183.292	ntcount_oval	1	0.2
2183.868	ntcount_oval	1	0.2
2184.446	t_count_oval	1	0.2
2185.044	ntcount_oval	1	0.2
2185.638	ntcount_oval	1	0.2
2186.214	ntcount_oval	1	0.2
2186.79	ntcount_oval	1	0.2
2187.346	ntcount_oval	1	0.2
2187.922	ntcount_oval	1	0.2
2188.518	ntcount_oval	1	0.2
2189.074	ntcount_oval	1	0.2
2189.628	ntcount_oval	1	0.2
2190.204	ntcount_oval	1	0.2
2190.78	ntcount_oval	1	0.2
2191.334	ntcount_oval	1	0.2
2191.91	ntcount_oval	1	0.2
2192.466	ntcount_oval	1	0.2
2193.062	ntcount_oval	1	0.2
2193.618	ntcount_oval	1	0.2
2194.194	ntcount_oval	1	0.2
2194.75	t_count_oval	1	0.2
2195.304	ntcount_oval	1	0.2
2195.858	ntcount_oval	1	0.2
2196.412	ntcount_oval	1	0.2
2196.99	t_count_oval	1	0.2
2197.566	ntcount_oval	1	0.2
2198.118	ntcount_oval	1	0.2
2198.674	ntcount_oval	1	0.2
2199.25	ntcount_oval	1	0.2
2199.826	ntcount_oval	1	0.2
2200.38	ntcount_oval	1	0.2
2200.934	ntcount_oval	1	0.2
2201.51	ntcount_oval	1	0.2
2202.066	t_count_oval	1	0.2
2202.622	ntcount_oval	1	0.2
2203.174	ntcount_oval	1	0.2
2203.73	ntcount_oval	1	0.2
2204.306	ntcount_oval	1	0.2
2204.86	ntcount_oval	1	0.2
2205.416	t_count_oval	1	0.2
2205.972	ntcount_oval	1	0.2
2206.524	ntcount_oval	1	0.2
2207.1	ntcount_oval	1	0.2
2207.654	ntcount_oval	1	0.2
2208.23	ntcount_oval	1	0.2
2208.786	ntcount_oval	1	0.2
2209.34	ntcount_oval	1	0.2
2209.896	t_count_oval	1	0.2
2210.45	t_count_oval	1	0.2
2211.006	ntcount_oval	1	0.2
2211.58	ntcount_oval	1	0.2
2212.134	ntcount_oval	1	0.2
2212.712	t_count_oval	1	0.2
2213.266	t_count_oval	1	0.2
2213.822	t_count_oval	1	0.2
2214.376	ntcount_oval	1	0.2
2214.95	ntcount_oval	1	0.2
2215.506	t_count_oval	1	0.2
2216.062	ntcount_oval	1	0.2
2216.636	ntcount_oval	1	0.2
2217.212	ntcount_oval	1	0.2
2217.766	ntcount_oval	1	0.2
2218.322	t_count_oval	1	0.2
2218.878	t_count_oval	1	0.2
2219.454	ntcount_oval	1	0.2
2220.028	ntcount_oval	1	0.2
2220.582	ntcount_oval	1	0.2
2221.138	ntcount_oval	1	0.2
2221.694	t_count_oval	1	0.2
2222.248	ntcount_oval	1	0.2
2222.824	t_count_oval	1	0.2
2223.38	ntcount_oval	1	0.2
2223.954	ntcount_oval	1	0.2
2224.508	ntcount_oval	1	0.2
2225.062	ntcount_oval	1	0.2
2225.618	ntcount_oval	1	0.2
2226.172	ntcount_oval	1	0.2
2226.726	ntcount_oval	1	0.2
2227.282	t_count_oval	1	0.2
2227.838	ntcount_oval	1	0.2
2228.39	ntcount_oval	1	0.2
2229.502	t_count_oval	1	0.2
2230.056	ntcount_oval	1	0.2
2230.61	ntcount_oval	1	0.2
2231.186	ntcount_oval	1	0.2
2231.74	ntcount_oval	1	0.2
2232.294	ntcount_oval	1	0.2
2232.87	ntcount_oval	1	0.2
2233.468	ntcount_oval	1	0.2
2234.022	ntcount_oval	1	0.2
2234.578	ntcount_oval	1	0.2
2235.132	ntcount_oval	1	0.2
2235.688	t_count_oval	1	0.2
2236.264	ntcount_oval	1	0.2
2236.818	ntcount_oval	1	0.2
2237.372	ntcount_oval	1	0.2
2237.928	t_count_oval	1	0.2
2238.504	ntcount_oval	1	0.2
2239.058	t_count_oval	1	0.2
2239.614	ntcount_oval	1	0.2
2240.188	ntcount_oval	1	0.2
2240.742	ntcount_oval	1	0.2
2241.298	ntcount_oval	1	0.2
2241.854	t_count_oval	1	0.2
2242.408	t_count_oval	1	0.2
2242.984	ntcount_oval	1	0.2
2243.538	ntcount_oval	1	0.2
2244.114	ntcount_oval	1	0.2
2244.668	ntcount_oval	1	0.2
2245.224	t_count_oval	1	0.2
2251.24	t_count_oval	1	0.2
2251.814	ntcount_oval	1	0.2
2252.39	ntcount_oval	1	0.2
2252.988	ntcount_oval	1	0.2
2253.542	ntcount_oval	1	0.2
2254.098	ntcount_oval	1	0.2
2254.652	ntcount_oval	1	0.2
2255.206	ntcount_oval	1	0.2
2255.762	ntcount_oval	1	0.2
2256.316	ntcount_oval	1	0.2
2256.892	ntcount_oval	1	0.2
2257.446	ntcount_oval	1	0.2
2258.002	ntcount_oval	1	0.2
2258.578	ntcount_oval	1	0.2
2259.132	ntcount_oval	1	0.2
2259.686	ntcount_oval	1	0.2
2260.242	t_count_oval	1	0.2
2260.798	ntcount_oval	1	0.2
2261.372	ntcount_oval	1	0.2
2261.926	ntcount_oval	1	0.2
2262.482	t_count_oval	1	0.2
2263.038	t_count_oval	1	0.2
2263.614	t_count_oval	1	0.2
2264.148	ntcount_oval	1	0.2
2264.722	ntcount_oval	1	0.2
2265.298	ntcount_oval	1	0.2
2265.852	ntcount_oval	1	0.2
2266.408	t_count_oval	1	0.2
2266.964	ntcount_oval	1	0.2
2267.516	ntcount_oval	1	0.2
2268.092	ntcount_oval	1	0.2
2268.646	ntcount_oval	1	0.2
2269.202	ntcount_oval	1	0.2
2269.756	ntcount_oval	1	0.2
2270.332	ntcount_oval	1	0.2
2270.886	ntcount_oval	1	0.2
2271.442	t_count_oval	1	0.2
2271.998	t_count_oval	1	0.2
2272.552	ntcount_oval	1	0.2
2273.126	ntcount_oval	1	0.2
2273.702	ntcount_oval	1	0.2
2274.258	ntcount_oval	1	0.2
2274.812	ntcount_oval	1	0.2
2275.366	ntcount_oval	1	0.2
2275.942	ntcount_oval	1	0.2
2276.498	t_count_oval	1	0.2
2277.054	t_count_oval	1	0.2
2277.608	ntcount_oval	1	0.2
2278.162	ntcount_oval	1	0.2
2278.738	ntcount_oval	1	0.2
2279.292	ntcount_oval	1	0.2
2279.848	t_count_oval	1	0.2
2280.404	ntcount_oval	1	0.2
2280.956	ntcount_oval	1	0.2
2281.532	ntcount_oval	1	0.2
2282.086	ntcount_oval	1	0.2
2282.664	t_count_oval	1	0.2
2283.22	ntcount_oval	1	0.2
2283.772	ntcount_oval	1	0.2
2284.326	ntcount_oval	1	0.2
2284.882	ntcount_oval	1	0.2
2285.458	ntcount_oval	1	0.2
2286.012	ntcount_oval	1	0.2
2286.566	ntcount_oval	1	0.2
2287.122	ntcount_oval	1	0.2
2287.676	ntcount_oval	1	0.2
2288.252	ntcount_oval	1	0.2
2288.806	ntcount_oval	1	0.2
2289.362	ntcount_oval	1	0.2
2289.938	ntcount_oval	1	0.2
2290.494	t_count_oval	1	0.2
2291.048	ntcount_oval	1	0.2
2291.602	ntcount_oval	1	0.2
2292.158	t_count_oval	1	0.2
2292.734	ntcount_oval	1	0.2
2293.288	t_count_oval	1	0.2
2293.864	ntcount_oval	1	0.2
2294.418	ntcount_oval	1	0.2
2294.972	ntcount_oval	1	0.2
2295.526	ntcount_oval	1	0.2
2296.104	t_count_oval	1	0.2
2296.66	ntcount_oval	1	0.2
2297.214	t_count_oval	1	0.2
2297.79	ntcount_oval	1	0.2
2298.344	t_count_oval	1	0.2
2298.9	ntcount_oval	1	0.2
2299.452	ntcount_oval	1	0.2
2300.006	ntcount_oval	1	0.2
2300.584	t_count_oval	1	0.2
2301.14	ntcount_oval	1	0.2
2301.692	ntcount_oval	1	0.2
2302.246	ntcount_oval	1	0.2
2302.822	ntcount_oval	1	0.2
2303.378	ntcount_oval	1	0.2
2303.954	ntcount_oval	1	0.2
2304.508	ntcount_oval	1	0.2
2305.062	ntcount_oval	1	0.2
2305.618	ntcount_oval	1	0.2
2306.172	ntcount_oval	1	0.2
2306.726	ntcount_oval	1	0.2
2307.282	ntcount_oval	1	0.2
2307.838	t_count_oval	1	0.2
2308.392	ntcount_oval	1	0.2
2308.966	ntcount_oval	1	0.2
2309.542	ntcount_oval	1	0.2
2310.098	ntcount_oval	1	0.2
2310.652	ntcount_oval	1	0.2
2311.206	ntcount_oval	1	0.2
2311.762	ntcount_oval	1	0.2
2312.316	ntcount_oval	1	0.2
2312.87	ntcount_oval	1	0.2
2313.426	ntcount_oval	1	0.2
2313.98	ntcount_oval	1	0.2
2314.556	ntcount_oval	1	0.2
2315.11	ntcount_oval	1	0.2
2315.666	ntcount_oval	1	0.2
2316.22	ntcount_oval	1	0.2
2316.776	t_count_oval	1	0.2
2317.332	ntcount_oval	1	0.2
2317.884	ntcount_oval	1	0.2
2318.46	ntcount_oval	1	0.2
2319.014	ntcount_oval	1	0.2
2319.612	ntcount_oval	1	0.2
2320.166	ntcount_oval	1	0.2
2320.722	t_count_oval	1	0.2
2321.278	ntcount_oval	1	0.2
2321.83	ntcount_oval	1	0.2
2322.406	ntcount_oval	1	0.2
2322.982	ntcount_oval	1	0.2
2323.538	ntcount_oval	1	0.2
2324.092	ntcount_oval	1	0.2
2324.646	ntcount_oval	1	0.2
2325.222	ntcount_oval	1	0.2
2325.778	ntcount_oval	1	0.2
2326.354	ntcount_oval	1	0.2
2326.908	ntcount_oval	1	0.2
2327.462	ntcount_oval	1	0.2
2328.018	ntcount_oval	1	0.2
2328.594	ntcount_oval	1	0.2
2329.702	ntcount_oval	1	0.2
2330.278	ntcount_oval	1	0.2
2330.834	t_count_oval	1	0.2
2331.39	ntcount_oval	1	0.2
2331.942	ntcount_oval	1	0.2
2332.498	ntcount_oval	1	0.2
2333.052	ntcount_oval	1	0.2
2333.606	ntcount_oval	1	0.2
2334.182	ntcount_oval	1	0.2
2334.758	ntcount_oval	1	0.2
2341.522	ntcount_oval	1	0.2
2342.076	ntcount_oval	1	0.2
2342.654	t_count_oval	1	0.2
2343.208	t_count_oval	1	0.2
2343.784	ntcount_oval	1	0.2
2344.338	t_count_oval	1	0.2
2344.894	ntcount_oval	1	0.2
2345.468	ntcount_oval	1	0.2
2346.024	ntcount_oval	1	0.2
2346.578	ntcount_oval	1	0.2
2347.134	t_count_oval	1	0.2
2347.688	ntcount_oval	1	0.2
2348.242	ntcount_oval	1	0.2
2348.796	ntcount_oval	1	0.2
2349.372	ntcount_oval	1	0.2
2349.928	t_count_oval	1	0.2
2350.504	ntcount_oval	1	0.2
2351.058	ntcount_oval	1	0.2
2351.612	ntcount_oval	1	0.2
2352.166	ntcount_oval	1	0.2
2352.744	t_count_oval	1	0.2
2353.3	ntcount_oval	1	0.2
2353.852	ntcount_oval	1	0.2
2354.428	ntcount_oval	1	0.2
2354.984	t_count_oval	1	0.2
2355.54	ntcount_oval	1	0.2
2356.092	ntcount_oval	1	0.2
2356.648	ntcount_oval	1	0.2
2357.202	ntcount_oval	1	0.2
2357.756	ntcount_oval	1	0.2
2358.332	ntcount_oval	1	0.2
2358.888	ntcount_oval	1	0.2
2359.464	ntcount_oval	1	0.2
2360.018	ntcount_oval	1	0.2
2360.572	ntcount_oval	1	0.2
2361.128	ntcount_oval	1	0.2
2361.704	ntcount_oval	1	0.2
2362.28	ntcount_oval	1	0.2
2362.856	t_count_oval	1	0.2
2363.412	ntcount_oval	1	0.2
2363.964	ntcount_oval	1	0.2
2364.54	ntcount_oval	1	0.2
2365.096	ntcount_oval	1	0.2
2365.672	ntcount_oval	1	0.2
2366.226	t_count_oval	1	0.2
2366.782	t_count_oval	1	0.2
2367.358	t_count_oval	1	0.2
2367.912	ntcount_oval	1	0.2
2368.466	ntcount_oval	1	0.2
2369.042	ntcount_oval	1	0.2
2369.596	ntcount_oval	1	0.2
2370.172	ntcount_oval	1	0.2
2370.748	ntcount_oval	1	0.2
2371.304	ntcount_oval	1	0.2
2371.858	ntcount_oval	1	0.2
2372.414	t_count_oval	1	0.2
2372.968	ntcount_oval	1	0.2
2373.522	ntcount_oval	1	0.2
2374.098	ntcount_oval	1	0.2
2374.674	ntcount_oval	1	0.2
2375.228	ntcount_oval	1	0.2
2375.784	ntcount_oval	1	0.2
2376.338	ntcount_oval	1	0.2
2376.892	ntcount_oval	1	0.2
2377.468	ntcount_oval	1	0.2
2378.024	ntcount_oval	1	0.2
2378.578	ntcount_oval	1	0.2
2379.154	ntcount_oval	1	0.2
2379.708	ntcount_oval	1	0.2
2380.264	ntcount_oval	1	0.2
2380.818	ntcount_oval	1	0.2
2381.372	ntcount_oval	1	0.2
2381.95	t_count_oval	1	0.2
2382.506	ntcount_oval	1	0.2
2383.08	ntcount_oval	1	0.2
2383.634	ntcount_oval	1	0.2
2384.19	t_count_oval	1	0.2
2384.744	ntcount_oval	1	0.2
2385.298	ntcount_oval	1	0.2
2385.852	ntcount_oval	1	0.2
2386.408	ntcount_oval	1	0.2
2386.962	ntcount_oval	1	0.2
2388.626	t_count_oval	1	0.2
2389.182	ntcount_oval	1	0.2
2389.778	ntcount_oval	1	0.2
2390.332	ntcount_oval	1	0.2
2390.888	t_count_oval	1	0.2
2391.464	t_count_oval	1	0.2
2392.02	ntcount_oval	1	0.2
2392.572	ntcount_oval	1	0.2
2393.128	t_count_oval	1	0.2
2393.684	ntcount_oval	1	0.2
2394.236	ntcount_oval	1	0.2
2394.814	t_count_oval	1	0.2
2395.39	ntcount_oval	1	0.2
2395.944	t_count_oval	1	0.2
2396.498	t_count_oval	1	0.2
2397.054	ntcount_oval	1	0.2
2397.608	ntcount_oval	1	0.2
2398.162	ntcount_oval	1	0.2
2398.716	ntcount_oval	1	0.2
2399.272	ntcount_oval	1	0.2
2399.826	ntcount_oval	1	0.2
2400.38	ntcount_oval	1	0.2
2400.936	ntcount_oval	1	0.2
2401.512	ntcount_oval	1	0.2
2402.066	ntcount_oval	1	0.2
2402.642	ntcount_oval	1	0.2
2403.196	ntcount_oval	1	0.2
2403.772	ntcount_oval	1	0.2
2404.348	ntcount_oval	1	0.2
2404.904	ntcount_oval	1	0.2
2405.458	ntcount_oval	1	0.2
2406.014	t_count_oval	1	0.2
2406.57	ntcount_oval	1	0.2
2407.122	ntcount_oval	1	0.2
2407.676	ntcount_oval	1	0.2
2408.232	ntcount_oval	1	0.2
2408.786	ntcount_oval	1	0.2
2409.362	ntcount_oval	1	0.2
2409.916	ntcount_oval	1	0.2
2410.494	t_count_oval	1	0.2
2411.048	t_count_oval	1	0.2
2411.602	t_count_oval	1	0.2
2412.158	ntcount_oval	1	0.2
2412.712	t_count_oval	1	0.2
2413.268	ntcount_oval	1	0.2
2413.82	ntcount_oval	1	0.2
2414.376	ntcount_oval	1	0.2
2414.93	ntcount_oval	1	0.2
2415.508	t_count_oval	1	0.2
2416.062	ntcount_oval	1	0.2
2416.616	ntcount_oval	1	0.2
2417.17	t_count_oval	1	0.2
2417.726	ntcount_oval	1	0.2
2418.3	ntcount_oval	1	0.2
2418.856	ntcount_oval	1	0.2
2420.008	t_count_oval	1	0.2
2420.564	ntcount_oval	1	0.2
2421.116	ntcount_oval	1	0.2
2421.672	ntcount_oval	1	0.2
2422.226	ntcount_oval	1	0.2
2422.78	ntcount_oval	1	0.2
2423.358	t_count_oval	1	0.2
2423.934	ntcount_oval	1	0.2
2424.488	t_count_oval	1	0.2
2425.066	ntcount_oval	1	0.2
2431.228	ntcount_oval	1	0.2
2431.826	ntcount_oval	1	0.2
2432.424	ntcount_oval	1	0.2
2432.978	ntcount_oval	1	0.2
2433.534	t_count_oval	1	0.2
2434.09	ntcount_oval	1	0.2
2434.642	ntcount_oval	1	0.2
2435.218	ntcount_oval	1	0.2
2435.772	ntcount_oval	1	0.2
2436.328	ntcount_oval	1	0.2
2436.882	t_count_oval	1	0.2
2437.438	ntcount_oval	1	0.2
2438.012	ntcount_oval	1	0.2
2438.568	t_count_oval	1	0.2
2439.146	ntcount_oval	1	0.2
2439.698	ntcount_oval	1	0.2
2440.254	t_count_oval	1	0.2
2440.81	ntcount_oval	1	0.2
2441.362	ntcount_oval	1	0.2
2441.916	ntcount_oval	1	0.2
2442.492	ntcount_oval	1	0.2
2443.048	t_count_oval	1	0.2
2443.626	ntcount_oval	1	0.2
2444.178	ntcount_oval	1	0.2
2444.732	ntcount_oval	1	0.2
2445.288	ntcount_oval	1	0.2
2445.864	ntcount_oval	1	0.2
2446.418	ntcount_oval	1	0.2
2446.994	ntcount_oval	1	0.2
2447.548	ntcount_oval	1	0.2
2448.104	t_count_oval	1	0.2
2448.66	ntcount_oval	1	0.2
2449.214	t_count_oval	1	0.2
2449.79	ntcount_oval	1	0.2
2450.344	t_count_oval	1	0.2
2450.9	ntcount_oval	1	0.2
2451.452	ntcount_oval	1	0.2
2452.008	t_count_oval	1	0.2
2452.586	ntcount_oval	1	0.2
2453.138	ntcount_oval	1	0.2
2453.692	ntcount_oval	1	0.2
2454.248	t_count_oval	1	0.2
2454.802	t_count_oval	1	0.2
2455.378	t_count_oval	1	0.2
2455.934	ntcount_oval	1	0.2
2456.508	ntcount_oval	1	0.2
2457.064	ntcount_oval	1	0.2
2457.618	ntcount_oval	1	0.2
2458.194	ntcount_oval	1	0.2
2458.748	ntcount_oval	1	0.2
2459.304	t_count_oval	1	0.2
2459.86	ntcount_oval	1	0.2
2460.412	ntcount_oval	1	0.2
2460.968	ntcount_oval	1	0.2
2461.522	ntcount_oval	1	0.2
2462.076	ntcount_oval	1	0.2
2462.632	ntcount_oval	1	0.2
2463.186	ntcount_oval	1	0.2
2463.742	t_count_oval	1	0.2
2464.318	ntcount_oval	1	0.2
2465.448	ntcount_oval	1	0.2
2466.024	t_count_oval	1	0.2
2466.578	t_count_oval	1	0.2
2467.134	ntcount_oval	1	0.2
2467.708	ntcount_oval	1	0.2
2468.264	ntcount_oval	1	0.2
2469.928	t_count_oval	1	0.2
2470.506	ntcount_oval	1	0.2
2471.08	ntcount_oval	1	0.2
2471.634	ntcount_oval	1	0.2
2472.188	ntcount_oval	1	0.2
2472.744	ntcount_oval	1	0.2
2473.32	ntcount_oval	1	0.2
2473.874	t_count_oval	1	0.2
2474.43	ntcount_oval	1	0.2
2474.984	ntcount_oval	1	0.2
2475.538	ntcount_oval	1	0.2
2476.092	ntcount_oval	1	0.2
2476.648	ntcount_oval	1	0.2
2477.202	ntcount_oval	1	0.2
2477.758	t_count_oval	1	0.2
2478.314	ntcount_oval	1	0.2
2478.866	t_count_oval	1	0.2
2479.422	ntcount_oval	1	0.2
2479.976	ntcount_oval	1	0.2
2480.552	ntcount_oval	1	0.2
2481.106	ntcount_oval	1	0.2
2482.794	ntcount_oval	1	0.2
2483.346	t_count_oval	1	0.2
2483.902	t_count_oval	1	0.2
2484.478	ntcount_oval	1	0.2
2485.052	ntcount_oval	1	0.2
2485.608	ntcount_oval	1	0.2
2486.162	ntcount_oval	1	0.2
2486.718	t_count_oval	1	0.2
2487.294	t_count_oval	1	0.2
2487.87	ntcount_oval	1	0.2
2488.424	ntcount_oval	1	0.2
2489	ntcount_oval	1	0.2
2489.554	ntcount_oval	1	0.2
2490.108	ntcount_oval	1	0.2
2490.664	ntcount_oval	1	0.2
2491.218	ntcount_oval	1	0.2
2491.794	t_count_oval	1	0.2
2492.35	ntcount_oval	1	0.2
2492.926	t_count_oval	1	0.2
2493.502	ntcount_oval	1	0.2
2494.056	ntcount_oval	1	0.2
2494.61	t_count_oval	1	0.2
2495.166	t_count_oval	1	0.2
2495.72	t_count_oval	1	0.2
2496.276	ntcount_oval	1	0.2
2496.828	ntcount_oval	1	0.2
2497.384	ntcount_oval	1	0.2
2497.938	ntcount_oval	1	0.2
2498.494	t_count_oval	1	0.2
2499.05	ntcount_oval	1	0.2
2499.624	ntcount_oval	1	0.2
2500.2	ntcount_oval	1	0.2
2500.754	ntcount_oval	1	0.2
2501.308	ntcount_oval	1	0.2
2501.864	ntcount_oval	1	0.2
2502.418	ntcount_oval	1	0.2
2502.974	t_count_oval	1	0.2
2503.53	ntcount_oval	1	0.2
2504.082	ntcount_oval	1	0.2
2505.746	ntcount_oval	1	0.2
2506.3	ntcount_oval	1	0.2
2506.876	ntcount_oval	1	0.2
2507.454	t_count_oval	1	0.2
2508.01	ntcount_oval	1	0.2
2508.584	ntcount_oval	1	0.2
2509.138	ntcount_oval	1	0.2
2509.692	ntcount_oval	1	0.2
2510.248	ntcount_oval	1	0.2
2510.802	ntcount_oval	1	0.2
2511.356	ntcount_oval	1	0.2
2511.932	ntcount_oval	1	0.2
2512.508	ntcount_oval	1	0.2
2513.064	ntcount_oval	1	0.2
2513.618	ntcount_oval	1	0.2
2514.172	ntcount_oval	1	0.2
2514.728	ntcount_oval	1	0.2
2519.676	ntcount_oval	1	0.2
2520.808	t_count_oval	1	0.2
2521.406	t_count_oval	1	0.2
2521.962	ntcount_oval	1	0.2
2522.514	ntcount_oval	1	0.2
2523.07	t_count_oval	1	0.2
2523.626	ntcount_oval	1	0.2
2524.178	ntcount_oval	1	0.2
2524.732	ntcount_oval	1	0.2
2525.288	ntcount_oval	1	0.2
2525.842	ntcount_oval	1	0.2
2526.396	ntcount_oval	1	0.2
2526.952	ntcount_oval	1	0.2
2527.528	ntcount_oval	1	0.2
2528.104	ntcount_oval	1	0.2
2528.68	ntcount_oval	1	0.2
2529.234	ntcount_oval	1	0.2
2529.788	ntcount_oval	1	0.2
2530.344	ntcount_oval	1	0.2
2530.898	ntcount_oval	1	0.2
2531.452	ntcount_oval	1	0.2
2532.008	t_count_oval	1	0.2
2532.586	ntcount_oval	1	0.2
2533.16	ntcount_oval	1	0.2
2533.714	ntcount_oval	1	0.2
2534.268	ntcount_oval	1	0.2
2534.824	ntcount_oval	1	0.2
2535.378	ntcount_oval	1	0.2
2535.932	ntcount_oval	1	0.2
2536.488	ntcount_oval	1	0.2
2537.064	ntcount_oval	1	0.2
2537.618	ntcount_oval	1	0.2
2538.172	ntcount_oval	1	0.2
2538.728	t_count_oval	1	0.2
2539.284	ntcount_oval	1	0.2
2539.836	ntcount_oval	1	0.2
2540.412	ntcount_oval	1	0.2
2540.968	ntcount_oval	1	0.2
2541.522	ntcount_oval	1	0.2
2542.076	ntcount_oval	1	0.2
2542.654	t_count_oval	1	0.2
2543.21	ntcount_oval	1	0.2
2543.784	ntcount_oval	1	0.2
2544.338	ntcount_oval	1	0.2
2544.894	t_count_oval	1	0.2
2545.448	t_count_oval	1	0.2
2546.026	ntcount_oval	1	0.2
2546.58	t_count_oval	1	0.2
2547.134	ntcount_oval	1	0.2
2547.688	ntcount_oval	1	0.2
2548.264	ntcount_oval	1	0.2
2548.818	ntcount_oval	1	0.2
2549.372	ntcount_oval	1	0.2
2549.928	ntcount_oval	1	0.2
2550.482	ntcount_oval	1	0.2
2551.036	ntcount_oval	1	0.2
2551.612	ntcount_oval	1	0.2
2552.19	t_count_oval	1	0.2
2552.744	t_count_oval	1	0.2
2553.322	ntcount_oval	1	0.2
2553.896	ntcount_oval	1	0.2
2554.472	t_count_oval	1	0.2
2555.028	t_count_oval	1	0.2
2555.604	ntcount_oval	1	0.2
2556.178	ntcount_oval	1	0.2
2556.732	ntcount_oval	1	0.2
2557.288	ntcount_oval	1	0.2
2557.864	t_count_oval	1	0.2
2558.44	t_count_oval	1	0.2
2558.996	t_count_oval	1	0.2
2559.55	t_count_oval	1	0.2
2560.106	ntcount_oval	1	0.2
2560.658	ntcount_oval	1	0.2
2561.212	ntcount_oval	1	0.2
2561.788	ntcount_oval	1	0.2
2562.344	ntcount_oval	1	0.2
2562.898	ntcount_oval	1	0.2
2563.454	t_count_oval	1	0.2
2564.01	ntcount_oval	1	0.2
2564.584	ntcount_oval	1	0.2
2565.138	ntcount_oval	1	0.2
2565.692	ntcount_oval	1	0.2
2566.248	ntcount_oval	1	0.2
2566.824	t_count_oval	1	0.2
2567.38	ntcount_oval	1	0.2
2567.932	ntcount_oval	1	0.2
2568.488	ntcount_oval	1	0.2
2569.064	ntcount_oval	1	0.2
2569.64	ntcount_oval	1	0.2
2570.194	ntcount_oval	1	0.2
2570.748	ntcount_oval	1	0.2
2571.304	ntcount_oval	1	0.2
2571.858	ntcount_oval	1	0.2
2572.412	ntcount_oval	1	0.2
2572.968	ntcount_oval	1	0.2
2573.522	ntcount_oval	1	0.2
2574.098	ntcount_oval	1	0.2
2574.652	ntcount_oval	1	0.2
2575.208	ntcount_oval	1	0.2
2575.762	ntcount_oval	1	0.2
2576.316	ntcount_oval	1	0.2
2577.428	t_count_oval	1	0.2
2577.982	ntcount_oval	1	0.2
2578.558	t_count_oval	1	0.2
2579.134	ntcount_oval	1	0.2
2579.688	ntcount_oval	1	0.2
2580.264	ntcount_oval	1	0.2
2580.818	ntcount_oval	1	0.2
2581.372	ntcount_oval	1	0.2
2581.948	ntcount_oval	1	0.2
2582.504	ntcount_oval	1	0.2
2583.058	ntcount_oval	1	0.2
2583.614	t_count_oval	1	0.2
2584.17	ntcount_oval	1	0.2
2584.744	t_count_oval	1	0.2
2585.3	t_count_oval	1	0.2
2585.876	ntcount_oval	1	0.2
2586.428	ntcount_oval	1	0.2
2586.984	ntcount_oval	1	0.2
2588.648	ntcount_oval	1	0.2
2589.224	t_count_oval	1	0.2
2589.78	ntcount_oval	1	0.2
2590.332	ntcount_oval	1	0.2
2590.888	ntcount_oval	1	0.2
2591.444	t_count_oval	1	0.2
2591.998	ntcount_oval	1	0.2
2592.552	t_count_oval	1	0.2
2593.108	ntcount_oval	1	0.2
2593.662	t_count_oval	1	0.2
2594.216	t_count_oval	1	0.2
2594.772	t_count_oval	1	0.2
2595.326	ntcount_oval	1	0.2
2595.88	ntcount_oval	1	0.2
2596.436	t_count_oval	1	0.2
2596.99	t_count_oval	1	0.2
2597.546	ntcount_oval	1	0.2
2598.12	ntcount_oval	1	0.2
2598.674	ntcount_oval	1	0.2
2599.23	t_count_oval	1	0.2
2599.806	ntcount_oval	1	0.2
2600.36	ntcount_oval	1	0.2
2600.914	ntcount_oval	1	0.2
2602.6	t_count_oval	1	0.2
2603.156	ntcount_oval	1	0.2
