0.23207	0.0046562	-0.028742	-0.058967	-0.0057566	-0.0096108	0.013424	-0.00095422	0.001132	0.01262	-0.00041081	0.0033319	-0.0020877	0.0025057	-0.002501	0.0014218	-0.0054714	-0.00089047	0.003476	0.0010206	-0.00058091	0.0068808	0.0028208	0.015467	-0.004319	0.012742	0.0083171	0.0025595	-0.086332	-0.078563
0.0046562	0.65524	-0.056887	0.00067987	0.00035786	-0.0026024	-0.10095	-0.032349	-0.0034689	-0.0050387	0.078308	0.0002275	-0.045176	0.015278	0.0064383	-0.0036408	-0.014631	0.014629	-0.023139	0.061102	-0.10887	0.0073577	-0.0040682	0.010535	-0.016319	-0.13092	-0.042751	-0.0037203	0.0076788	-0.24536
-0.028742	-0.056887	0.41905	-0.030596	-0.0048978	-0.077933	-0.12077	-0.032989	-0.005254	0.0093495	0.015307	-0.01052	0.005066	-0.00060426	-4.6744e-05	0.0013124	-0.0035622	0.00060836	0.0017208	0.013608	-0.001543	-0.0071935	-0.00078631	0.004222	0.0069076	0.0091002	-0.025862	0.00011156	0.0044832	-0.056533
-0.058967	0.00067987	-0.030596	0.33249	-0.084546	-0.067923	-0.02408	-0.0036321	-0.020746	-0.014485	0.00081684	0.0022213	0.014085	0.011738	-0.0042116	0.005279	0.011788	-0.007649	0.0033049	-0.022327	0.012852	-0.0045347	0.00086109	0.0018116	-0.00093931	0.0081136	-0.00082445	0.018538	-0.0017174	-0.015792
-0.0057566	0.00035786	-0.0048978	-0.084546	0.26959	-0.031691	0.00201	0.0017082	-0.0303	-0.030383	0.0029889	-0.0026709	0.0054913	0.0024603	0.0094959	-0.0030089	-0.0025963	0.0092792	0.0071844	0.0066261	-0.0012563	-0.0054299	-0.002233	-0.026403	0.0071539	-0.0012895	0.00055209	0.010962	0.0027672	-0.00012169
-0.0096108	-0.0026024	-0.077933	-0.067923	-0.031691	0.40174	-0.036797	-0.10306	-0.016818	-0.037844	0.011401	0.0026629	0.010456	0.0015844	0.0019477	-0.00011664	0.0068078	0.0039881	-0.0094118	-0.006036	0.0060785	0.00087157	-0.0051121	-0.0033591	-0.0046258	0.00513	0.0017784	0.0042086	0.0080591	-0.0055966
0.013424	-0.10095	-0.12077	-0.02408	0.00201	-0.036797	0.67026	-0.10799	-0.00073532	-0.004393	-0.096749	0.014352	0.04828	-0.0065834	-0.0097315	0.0041559	0.026714	-0.020038	0.037362	-0.050515	-0.082801	-0.014912	0.0014246	-0.0025479	0.0075826	-0.097849	-0.021042	-0.0017302	0.012853	-0.024557
-0.00095422	-0.032349	-0.032989	-0.0036321	0.0017082	-0.10306	-0.10799	0.61946	-0.0066372	-0.14018	-0.18113	0.013824	-0.049201	0.02991	0.01637	-0.0056939	-0.024973	0.017469	-0.019943	0.082451	-0.077581	-0.011716	-0.0004088	0.0070419	-0.010765	0.019421	0.011849	-0.0056869	0.0041154	0.017499
0.001132	-0.0034689	-0.005254	-0.020746	-0.0303	-0.016818	-0.00073532	-0.0066372	0.18894	-0.03222	-0.0031402	-0.00025761	-0.002036	-0.01286	0.0051068	-0.0016512	0.0017933	0.0032506	-0.0036054	0.0033976	-0.0024632	0.00045025	-0.0023324	-0.0025007	0.003469	0.0013976	-0.0011056	-0.0017634	0.003625	-0.0013697
0.01262	-0.0050387	0.0093495	-0.014485	-0.030383	-0.037844	-0.004393	-0.14018	-0.03222	0.54508	-0.077315	0.027163	-0.14484	-0.095923	0.015343	-0.0099734	0.011045	0.002701	-0.0090514	-0.015047	0.049915	0.0028129	9.3965e-05	0.0093265	0.0023828	0.0017225	0.00039754	-0.007165	0.0065901	-0.0067493
-0.00041081	0.078308	0.015307	0.00081684	0.0029889	0.011401	-0.096749	-0.18113	-0.0031402	-0.077315	0.76864	-0.13317	-0.17431	0.024611	0.012475	-0.0023236	0.058461	-0.0085501	0.020773	-0.18876	-0.078774	0.014601	0.00099524	-0.010256	0.0048735	-0.011074	-0.0045335	0.0014933	-0.0019963	-0.021519
0.0033319	0.0002275	-0.01052	0.0022213	-0.0026709	0.0026629	0.014352	0.013824	-0.00025761	0.027163	-0.13317	0.59128	-0.17635	0.027327	-0.047115	0.00024314	-0.1605	0.012868	0.012734	-0.10785	-0.043736	0.0098815	-0.00033632	-0.004062	0.0087961	0.0069824	-0.0025234	0.0010963	-0.0022515	0.0030884
-0.0020877	-0.045176	0.005066	0.014085	0.0054913	0.010456	0.04828	-0.049201	-0.002036	-0.14484	-0.17431	-0.17635	0.56654	-0.095381	-0.039865	0.0070972	-0.047766	0.01555	-0.0096084	0.10556	-0.012684	0.011314	0.0018569	0.0012319	-0.013993	0.011943	0.013697	0.0043218	0.0022265	0.010541
0.0025057	0.015278	-0.00060426	0.011738	0.0024603	0.0015844	-0.0065834	0.02991	-0.01286	-0.095923	0.024611	0.027327	-0.095381	0.25268	-0.087066	0.037707	0.0037457	0.018462	0.012292	-0.015359	0.0029585	-0.0018019	0.0058324	0.016523	0.0097708	-3.299e-05	-0.0081752	0.0020664	-0.00020289	0.00035464
-0.002501	0.0064383	-4.6744e-05	-0.0042116	0.0094959	0.0019477	-0.0097315	0.01637	0.0051068	0.015343	0.012475	-0.047115	-0.039865	-0.087066	0.25012	-0.13941	0.016064	0.018483	0.0043163	-0.020709	0.011036	-0.0023545	-0.00076144	-0.001761	0.0023463	-0.0040955	-0.0011471	-0.0019965	-0.0032518	0.0032122
0.0014218	-0.0036408	0.0013124	0.005279	-0.0030089	-0.00011664	0.0041559	-0.0056939	-0.0016512	-0.0099734	-0.0023236	0.00024314	0.0070972	0.037707	-0.13941	0.20414	-0.047254	-0.080963	0.0049716	0.020164	-0.004306	0.0073968	0.0034297	0.011546	0.0044015	0.002181	0.00043244	0.0013083	0.0029656	-0.0040169
-0.0054714	-0.014631	-0.0035622	0.011788	-0.0025963	0.0068078	0.026714	-0.024973	0.0017933	0.011045	0.058461	-0.1605	-0.047766	0.0037457	0.016064	-0.047254	0.5554	-0.074977	-0.20604	-0.12898	0.015992	-0.012013	0.00025764	0.023575	-0.003435	-0.0034414	0.012621	0.0096679	0.0033187	0.0012917
-0.00089047	0.014629	0.00060836	-0.007649	0.0092792	0.0039881	-0.020038	0.017469	0.0032506	0.002701	-0.0085501	0.012868	0.01555	0.018462	0.018483	-0.080963	-0.074977	0.35708	-0.11473	-0.011756	0.0086059	0.028132	-0.020139	-0.020355	-0.0072719	0.0099875	-0.0061756	0.0072139	-0.0044311	0.0073707
0.003476	-0.023139	0.0017208	0.0033049	0.0071844	-0.0094118	0.037362	-0.019943	-0.0036054	-0.0090514	0.020773	0.012734	-0.0096084	0.012292	0.0043163	0.0049716	-0.20604	-0.11473	0.67191	-0.018481	0.0096359	-0.21101	-0.042123	-0.058275	-0.030905	0.0088379	0.015726	-0.0033082	0.010635	-0.0049526
0.0010206	0.061102	0.013608	-0.022327	0.0066261	-0.006036	-0.050515	0.082451	0.0033976	-0.015047	-0.18876	-0.10785	0.10556	-0.015359	-0.020709	0.020164	-0.12898	-0.011756	-0.018481	0.59789	-0.10695	-0.15494	-0.00044705	0.011614	0.024269	-0.035944	-0.0067578	-0.0061339	-0.0050321	-0.0096013
-0.00058091	-0.10887	-0.001543	0.012852	-0.0012563	0.0060785	-0.082801	-0.077581	-0.0024632	0.049915	-0.078774	-0.043736	-0.012684	0.0029585	0.011036	-0.004306	0.015992	0.0086059	0.0096359	-0.10695	0.50407	-0.0026501	-0.0027308	-0.0041468	0.00098391	-0.11628	0.014099	0.0051558	-0.00090691	0.038738
0.0068808	0.0073577	-0.0071935	-0.0045347	-0.0054299	0.00087157	-0.014912	-0.011716	0.00045025	0.0028129	0.014601	0.0098815	0.011314	-0.0018019	-0.0023545	0.0073968	-0.012013	0.028132	-0.21101	-0.15494	-0.0026501	0.60482	-0.0094929	0.012672	-0.094888	-0.10703	-0.05528	-0.010209	-0.0011776	0.025205
0.0028208	-0.0040682	-0.00078631	0.00086109	-0.002233	-0.0051121	0.0014246	-0.0004088	-0.0023324	9.3965e-05	0.00099524	-0.00033632	0.0018569	0.0058324	-0.00076144	0.0034297	0.00025764	-0.020139	-0.042123	-0.00044705	-0.0027308	-0.0094929	0.20973	-0.034564	-0.017614	-0.001396	-0.0045608	-0.019098	0.0020258	0.00069413
0.015467	0.010535	0.004222	0.0018116	-0.026403	-0.0033591	-0.0025479	0.0070419	-0.0025007	0.0093265	-0.010256	-0.004062	0.0012319	0.016523	-0.001761	0.011546	0.023575	-0.020355	-0.058275	0.011614	-0.0041468	0.012672	-0.034564	0.34474	-0.041456	-0.00019216	-0.0043531	-0.12755	0.0040169	-0.014411
-0.004319	-0.016319	0.0069076	-0.00093931	0.0071539	-0.0046258	0.0075826	-0.010765	0.003469	0.0023828	0.0048735	0.0087961	-0.013993	0.0097708	0.0023463	0.0044015	-0.003435	-0.0072719	-0.030905	0.024269	0.00098391	-0.094888	-0.017614	-0.041456	0.38931	-0.061624	-0.059186	-0.045235	-0.0034471	-0.0056799
0.012742	-0.13092	0.0091002	0.0081136	-0.0012895	0.00513	-0.097849	0.019421	0.0013976	0.0017225	-0.011074	0.0069824	0.011943	-3.299e-05	-0.0040955	0.002181	-0.0034414	0.0099875	0.0088379	-0.035944	-0.11628	-0.10703	-0.001396	-0.00019216	-0.061624	0.60582	-0.076785	0.0033523	0.018771	-0.054966
0.0083171	-0.042751	-0.025862	-0.00082445	0.00055209	0.0017784	-0.021042	0.011849	-0.0011056	0.00039754	-0.0045335	-0.0025234	0.013697	-0.0081752	-0.0011471	0.00043244	0.012621	-0.0061756	0.015726	-0.0067578	0.014099	-0.05528	-0.0045608	-0.0043531	-0.059186	-0.076785	0.3821	-0.037879	-0.035707	-0.051551
0.0025595	-0.0037203	0.00011156	0.018538	0.010962	0.0042086	-0.0017302	-0.0056869	-0.0017634	-0.007165	0.0014933	0.0010963	0.0043218	0.0020664	-0.0019965	0.0013083	0.0096679	0.0072139	-0.0033082	-0.0061339	0.0051558	-0.010209	-0.019098	-0.12755	-0.045235	0.0033523	-0.037879	0.33434	-0.081625	-0.011178
-0.086332	0.0076788	0.0044832	-0.0017174	0.0027672	0.0080591	0.012853	0.0041154	0.003625	0.0065901	-0.0019963	-0.0022515	0.0022265	-0.00020289	-0.0032518	0.0029656	0.0033187	-0.0044311	0.010635	-0.0050321	-0.00090691	-0.0011776	0.0020258	0.0040169	-0.0034471	0.018771	-0.035707	-0.081625	0.26933	-0.094722
-0.078563	-0.24536	-0.056533	-0.015792	-0.00012169	-0.0055966	-0.024557	0.017499	-0.0013697	-0.0067493	-0.021519	0.0030884	0.010541	0.00035464	0.0032122	-0.0040169	0.0012917	0.0073707	-0.0049526	-0.0096013	0.038738	0.025205	0.00069413	-0.014411	-0.0056799	-0.054966	-0.051551	-0.011178	-0.094722	0.62648
