0.080291	-0.0041238	-0.0065605	-0.024745	0.00049056	-0.0026518	0.0036519	0.0021393	-0.002018	0.0042868	0.001031	-0.0040981	0.003425	0.004345	-0.0029642	-0.0017775	0.0029717	-0.00020516	-0.00054976	0.0033416	0.0034573	-0.0013824	0.0040609	0.0013364	0.0063428	0.0038739	-0.0034712	-0.033092	-0.038231
-0.0041238	0.37132	-0.023617	0.0077887	0.00025826	-0.0103	-0.12825	0.018927	0.0090075	-0.015645	-0.010752	-0.0052412	0.026821	-0.011358	-0.010215	0.011564	0.0036357	-0.0011893	0.0022228	-0.018488	-0.017097	-0.035544	-0.012863	0.00032633	-0.0044259	-0.016234	-0.0008697	-0.00033008	-0.12239
-0.0065605	-0.023617	0.3334	-0.046918	0.010465	-0.034161	-0.15769	-0.05521	-0.0045147	-0.0015783	0.04924	0.018908	-0.057584	0.022341	-0.011147	0.022825	-0.010029	-0.0054367	-0.0066848	0.026875	-0.036562	0.056676	-0.010125	0.0059028	0.0095017	-0.019576	0.00091603	-0.012703	-0.05919
-0.024745	0.0077887	-0.046918	0.18273	-0.073149	-0.032655	0.0043484	-0.0054038	-0.058828	-0.00059237	0.0005073	0.0015345	0.020582	0.019942	-0.00089649	-0.0089768	0.0030633	0.0034247	-0.0041288	0.015532	0.0082519	-0.001235	0.0045261	0.007322	0.026229	0.0054027	0.0085966	-0.0015638	-0.0031298
0.00049056	0.00025826	0.010465	-0.073149	0.17593	-0.017263	0.0075831	-0.0054699	-0.027096	-0.018267	0.013626	-0.0086153	0.0058319	-0.010999	0.0032242	0.00017521	0.0049469	-0.00043433	0.007077	0.010353	0.002102	-0.0076605	0.00082142	0.0013801	-0.025204	-0.0066847	0.0087765	0.0038094	0.018588
-0.0026518	-0.0103	-0.034161	-0.032655	-0.017263	0.33108	-0.067207	-0.099041	-0.026569	-0.055875	0.0163	-0.003329	0.023733	-0.010719	0.0011297	0.014346	-0.0086662	0.00039808	0.0027785	-0.031569	0.015336	-0.010574	0.0026409	-0.0043182	0.0023824	0.01854	0.026124	0.0027854	-0.022971
0.0036519	-0.12825	-0.15769	0.0043484	0.0075831	-0.067207	0.81506	-0.16669	-0.01509	0.060651	-0.25342	0.035176	0.0096143	-0.0068455	0.0095139	0.00030782	0.0025187	0.0024002	-0.0035681	0.0037875	0.010869	-0.10503	-0.014277	-0.0058152	0.0090259	-0.00018976	-0.0098612	0.0059112	-0.031891
0.0021393	0.018927	-0.05521	-0.0054038	-0.0054699	-0.099041	-0.16669	0.64478	0.0086697	-0.18847	-0.15326	0.03254	-0.083066	0.029731	0.010059	0.01477	-0.010973	-0.0030971	0.0034024	0.0067209	-0.024579	0.035951	-0.018565	-0.0068376	-0.0040687	0.0081901	0.0051153	0.00048272	0.018295
-0.002018	0.0090075	-0.0045147	-0.058828	-0.027096	-0.026569	-0.01509	0.0086697	0.24985	-0.045308	-0.0034041	-0.010449	0.0021232	-0.017921	0.0074246	-0.015886	0.01345	0.00065135	0.0046142	0.0093228	0.0062267	-0.0016494	0.0026479	-0.011424	-0.0065369	0.00066622	-0.012245	0.0036755	0.021182
0.0042868	-0.015645	-0.0015783	-0.00059237	-0.018267	-0.055875	0.060651	-0.18847	-0.045308	0.74422	-0.056482	-0.01219	-0.19275	-0.18328	0.016373	0.018091	-0.0056361	-0.0045234	0.016132	-0.036166	0.019349	-0.030397	0.0048759	-0.00084135	-0.0050799	-0.011052	0.015194	0.0036892	-0.0049434
0.001031	-0.010752	0.04924	0.0005073	0.013626	0.0163	-0.25342	-0.15326	-0.0034041	-0.056482	0.99421	-0.1506	-0.34835	0.068999	0.012741	-0.022525	0.021858	0.0031046	0.0033622	-0.023178	-0.10627	-0.070271	0.022806	-0.0034334	0.0067825	0.01126	-0.0098361	0.00025968	0.010278
-0.0040981	-0.0052412	0.018908	0.0015345	-0.0086153	-0.003329	0.035176	0.03254	-0.010449	-0.01219	-0.1506	0.41085	-0.021617	0.010788	-0.074688	0.044307	-0.044232	-0.015265	-0.0098902	0.012542	-0.032292	-0.095386	-0.057694	0.0032354	-0.0041632	0.010831	0.0054505	-0.00055466	-0.0056991
0.003425	0.026821	-0.057584	0.020582	0.0058319	0.023733	0.0096143	-0.083066	0.0021232	-0.19275	-0.34835	-0.021617	0.90949	-0.20254	-0.019085	-0.061001	-0.00070397	-0.0087345	0.0036916	-0.046182	-0.079066	0.091845	0.018257	-0.0022018	0.0082934	0.015564	-0.0032822	0.003255	-0.0025107
0.004345	-0.011358	0.022341	0.019942	-0.010999	-0.010719	-0.0068455	0.029731	-0.017921	-0.18328	0.068999	0.010788	-0.20254	0.50368	-0.11098	-0.022942	0.031894	-0.0022043	-0.020577	0.0014238	0.026014	-0.016741	-0.019391	0.0012715	-0.0018047	0.0057704	0.020557	-0.0010309	-0.023621
-0.0029642	-0.010215	-0.011147	-0.00089649	0.0032242	0.0011297	0.0095139	0.010059	0.0074246	0.016373	0.012741	-0.074688	-0.019085	-0.11098	0.27333	-0.031059	-0.097737	-0.0021331	0.020806	0.00061109	0.021487	-0.0010283	0.010896	-0.0016848	-0.00092198	0.003618	-0.0058764	0.0029558	0.012569
-0.0017775	0.011564	0.022825	-0.0089768	0.00017521	0.014346	0.00030782	0.01477	-0.015886	0.018091	-0.022525	0.044307	-0.061001	-0.022942	-0.031059	0.19228	-0.067802	-0.0053951	-0.0024005	0.011012	-0.021231	-0.010333	0.0056667	0.0067431	0.016429	-0.031562	-0.004895	-0.0034371	-0.0031678
0.0029717	0.0036357	-0.010029	0.0030633	0.0049469	-0.0086662	0.0025187	-0.010973	0.01345	-0.0056361	0.021858	-0.044232	-0.00070397	0.031894	-0.097737	-0.067802	0.2957	-0.01178	-0.10848	0.0028228	-0.0095154	0.0034467	-0.0037006	0.00042929	-0.0036145	0.021363	0.0057713	0.00060822	-0.0037605
-0.00020516	-0.0011893	-0.0054367	0.0034247	-0.00043433	0.00039808	0.0024002	-0.0030971	0.00065135	-0.0045234	0.0031046	-0.015265	-0.0087345	-0.0022043	-0.0021331	-0.0053951	-0.01178	0.14238	-0.014048	-0.015371	-0.020859	-0.0096462	-0.0084231	-0.0021253	-0.00036445	-0.0032081	0.0049992	-0.00076183	0.001687
-0.00054976	0.0022228	-0.0066848	-0.0041288	0.007077	0.0027785	-0.0035681	0.0034024	0.0046142	0.016132	0.0033622	-0.0098902	0.0036916	-0.020577	0.020806	-0.0024005	-0.10848	-0.014048	0.41718	-0.212	0.0030047	0.0099694	0.0018203	-0.019972	-0.0034679	0.0037262	0.0066381	3.7155e-05	0.0050164
0.0033416	-0.018488	0.026875	0.015532	0.010353	-0.031569	0.0037875	0.0067209	0.0093228	-0.036166	-0.023178	0.012542	-0.046182	0.0014238	0.00061109	0.011012	0.0028228	-0.015371	-0.212	0.55977	-0.11271	0.0033836	-0.0775	-0.042001	-0.034506	-0.011729	0.0055633	0.0076561	-0.027023
0.0034573	-0.017097	-0.036562	0.0082519	0.002102	0.015336	0.010869	-0.024579	0.0062267	0.019349	-0.10627	-0.032292	-0.079066	0.026014	0.021487	-0.021231	-0.0095154	-0.020859	0.0030047	-0.11271	0.43844	-0.022087	-0.055202	-0.0019581	0.014315	-0.0031025	-0.0041569	-0.000283	0.0040274
-0.0013824	-0.035544	0.056676	-0.001235	-0.0076605	-0.010574	-0.10503	0.035951	-0.0016494	-0.030397	-0.070271	-0.095386	0.091845	-0.016741	-0.0010283	-0.010333	0.0034467	-0.0096462	0.0099694	0.0033836	-0.022087	0.29829	-0.04033	0.0033101	-0.0083166	-0.0010018	0.0056514	0.0006272	-0.020716
0.0040609	-0.012863	-0.010125	0.0045261	0.00082142	0.0026409	-0.014277	-0.018565	0.0026479	0.0048759	0.022806	-0.057694	0.018257	-0.019391	0.010896	0.0056667	-0.0037006	-0.0084231	0.0018203	-0.0775	-0.055202	-0.04033	0.35093	-0.012215	-0.0043698	-0.066981	4.086e-05	-0.0007538	-0.0075671
0.0013364	0.00032633	0.0059028	0.007322	0.0013801	-0.0043182	-0.0058152	-0.0068376	-0.011424	-0.00084135	-0.0034334	0.0032354	-0.0022018	0.0012715	-0.0016848	0.0067431	0.00042929	-0.0021253	-0.019972	-0.042001	-0.0019581	0.0033101	-0.012215	0.18154	-0.023863	-0.013714	-0.023932	0.0017579	-0.00080561
0.0063428	-0.0044259	0.0095017	0.026229	-0.025204	0.0023824	0.0090259	-0.0040687	-0.0065369	-0.0050799	0.0067825	-0.0041632	0.0082934	-0.0018047	-0.00092198	0.016429	-0.0036145	-0.00036445	-0.0034679	-0.034506	0.014315	-0.0083166	-0.0043698	-0.023863	0.18452	-0.017457	-0.055184	-0.0039858	0.0049967
0.0038739	-0.016234	-0.019576	0.0054027	-0.0066847	0.01854	-0.00018976	0.0081901	0.00066622	-0.011052	0.01126	0.010831	0.015564	0.0057704	0.003618	-0.031562	0.021363	-0.0032081	0.0037262	-0.011729	-0.0031025	-0.0010018	-0.066981	-0.013714	-0.017457	0.18432	-0.029841	-0.0047355	-0.0067065
-0.0034712	-0.0008697	0.00091603	0.0085966	0.0087765	0.026124	-0.0098612	0.0051153	-0.012245	0.015194	-0.0098361	0.0054505	-0.0032822	0.020557	-0.0058764	-0.004895	0.0057713	0.0049992	0.0066381	0.0055633	-0.0041569	0.0056514	4.086e-05	-0.023932	-0.055184	-0.029841	0.1353	-0.023797	-0.0048988
-0.033092	-0.00033008	-0.012703	-0.0015638	0.0038094	0.0027854	0.0059112	0.00048272	0.0036755	0.0036892	0.00025968	-0.00055466	0.003255	-0.0010309	0.0029558	-0.0034371	0.00060822	-0.00076183	3.7155e-05	0.0076561	-0.000283	0.0006272	-0.0007538	0.0017579	-0.0039858	-0.0047355	-0.023797	0.079706	-0.035627
-0.038231	-0.12239	-0.05919	-0.0031298	0.018588	-0.022971	-0.031891	0.018295	0.021182	-0.0049434	0.010278	-0.0056991	-0.0025107	-0.023621	0.012569	-0.0031678	-0.0037605	0.001687	0.0050164	-0.027023	0.0040274	-0.020716	-0.0075671	-0.00080561	0.0049967	-0.0067065	-0.0048988	-0.035627	0.30125
