0.50216	-0.052397	-0.0021934	-0.0039207	0.0022186	-0.11981	0.016997	-0.019611	0.054751	-0.020138	0.0059468	0.0014741	-0.0066375	0.024117	-0.0078259	-0.005372	0.0094914	-0.0072437	-0.023478	-0.065516	0.0086024	-0.0092783	0.016746	-0.056395	-0.082722	-0.0018975	-0.13129
-0.052397	0.34333	-0.026052	-0.0058329	-0.076159	-0.063755	-0.044156	0.0077997	-0.011809	0.0082398	0.00084138	0.0040379	0.0023116	-0.0046117	0.00066423	0.0036989	-0.0035782	0.0011313	0.004681	0.0020834	0.0022164	0.0084935	-0.0044443	0.01667	-0.042041	0.0045282	-0.058606
-0.0021934	-0.026052	0.13264	-0.034033	0.007027	-0.0047941	0.0067015	-0.025763	-0.00060751	-0.0014201	0.0016635	0.0012326	0.0039486	-0.0005726	-0.00049998	-0.00069468	-0.00089316	0.00088827	-0.0011144	0.0026271	0.0021309	0.0047454	0.0044545	-0.00057633	0.0018067	0.0030535	-0.038017
-0.0039207	-0.0058329	-0.034033	0.16164	-0.02502	0.0054988	-0.015144	-0.017479	0.0035934	2.4903e-05	0.0032478	-0.012338	0.004681	-0.0012892	0.0012266	-0.0018878	0.00813	0.00037213	0.0042119	-0.003385	0.0036708	-0.023299	0.0051885	0.0038133	0.00094846	0.011034	0.00097529
0.0022186	-0.076159	0.007027	-0.02502	0.21145	-0.022348	-0.032495	-0.031713	0.0045621	-0.0018819	-0.0028469	-0.00051649	0.0056387	-0.001306	0.0022839	-0.0023666	0.0018177	-0.0020329	0.00026955	0.0040755	0.0085043	0.0017643	-0.0058859	-0.0049606	0.0032801	0.007939	-0.0078899
-0.11981	-0.063755	-0.0047941	0.0054988	-0.022348	0.34037	0.025498	-0.015517	-0.035379	-0.025689	0.0033179	-0.0040355	-0.00079065	-0.020416	0.030662	0.001956	-0.0047024	0.011685	-0.021185	-0.040198	-0.012501	-0.0067379	0.01727	-0.037903	0.0065751	-0.0032364	0.025163
0.016997	-0.044156	0.0067015	-0.015144	-0.032495	0.025498	0.31415	-0.071017	-0.15559	0.0154	0.015657	-0.0029282	-0.00097177	0.024544	-0.026284	0.016483	-0.0004711	-0.006768	0.020728	-0.018108	-0.033013	0.0097501	-0.0085593	-0.016702	-0.0079394	0.012486	-0.016415
-0.019611	0.0077997	-0.025763	-0.017479	-0.031713	-0.015517	-0.071017	0.46974	-0.04296	-0.0055752	-0.12817	-0.0888	-0.0041951	0.012325	0.0089308	-0.0045181	-0.0016144	-0.0035683	0.000872	0.0043463	-0.0021161	0.0012269	-0.0095424	0.012279	0.015305	-0.0084501	0.011372
0.054751	-0.011809	-0.00060751	0.0035934	0.0045621	-0.035379	-0.15559	-0.04296	0.7604	-0.039343	-0.24645	0.024663	0.012063	0.00088382	-0.01308	0.014252	0.018963	-0.03825	-0.097837	-0.132	-0.016208	0.0025877	-0.0017551	-0.029605	-0.0030342	0.0070902	-0.0076215
-0.020138	0.0082398	-0.0014201	2.4903e-05	-0.0018819	-0.025689	0.0154	-0.0055752	-0.039343	0.28474	-0.042763	0.0078725	-0.019035	-0.030745	0.011312	-0.07354	-0.0022623	0.006521	-0.041285	-0.055614	-0.0064331	-0.0014563	0.01046	0.0446	0.0010029	-0.0061455	0.0073204
0.0059468	0.00084138	0.0016635	0.0032478	-0.0028469	0.0033179	0.015657	-0.12817	-0.24645	-0.042763	0.62655	-0.095987	-0.034437	-0.02815	-0.023415	-0.027	0.014414	-0.019706	-0.018733	0.024581	0.0091759	0.0071899	-0.0088884	-0.0064808	0.0084759	0.0048067	-0.0075225
0.0014741	0.0040379	0.0012326	-0.012338	-0.00051649	-0.0040355	-0.0029282	-0.0888	0.024663	0.0078725	-0.095987	0.32365	-0.063788	-0.010654	0.020529	0.0010729	-0.0094581	0.011911	0.0042438	0.0026483	0.0046193	-0.0004154	0.0064419	-0.0053469	-0.0025076	0.002014	0.0029998
-0.0066375	0.0023116	0.0039486	0.004681	0.0056387	-0.00079065	-0.00097177	-0.0041951	0.012063	-0.019035	-0.034437	-0.063788	0.22257	-0.064685	-0.041874	-0.0014387	0.012308	0.0028613	0.013936	0.0012164	-0.01113	0.00020173	0.004693	0.0089335	-0.0012718	-0.001261	0.001309
0.024117	-0.0046117	-0.0005726	-0.0012892	-0.001306	-0.020416	0.024544	0.012325	0.00088382	-0.030745	-0.02815	-0.010654	-0.064685	0.2504	-0.092741	-0.0011143	-0.00237	0.0052927	-0.03193	0.020419	0.017372	-0.00034948	0.0014302	-0.022665	-0.00091409	0.001657	-0.0063606
-0.0078259	0.00066423	-0.00049998	0.0012266	0.0022839	0.030662	-0.026284	0.0089308	-0.01308	0.011312	-0.023415	0.020529	-0.041874	-0.092741	0.29604	-0.03214	-0.10285	0.0025441	0.01103	-0.01081	-0.0094575	0.0071631	0.0008883	0.011305	0.0033067	0.0024867	0.00047637
-0.005372	0.0036989	-0.00069468	-0.0018878	-0.0023666	0.001956	0.016483	-0.0045181	0.014252	-0.07354	-0.027	0.0010729	-0.0014387	-0.0011143	-0.03214	0.34384	-0.055047	-0.053706	-0.071202	-0.0116	-0.0057179	-0.0056707	0.0048905	-0.0019192	-0.0047653	0.0047215	-0.0042133
0.0094914	-0.0035782	-0.00089316	0.00813	0.0018177	-0.0047024	-0.0004711	-0.0016144	0.018963	-0.0022623	0.014414	-0.0094581	0.012308	-0.00237	-0.10285	-0.055047	0.3805	-0.13215	0.0043185	0.0073256	0.0024358	-0.026522	-0.0031212	-0.0052212	0.0098978	0.0052717	-0.0063142
-0.0072437	0.0011313	0.00088827	0.00037213	-0.0020329	0.011685	-0.006768	-0.0035683	-0.03825	0.006521	-0.019706	0.011911	0.0028613	0.0052927	0.0025441	-0.053706	-0.13215	0.51151	-0.049435	0.018924	-0.1546	-0.015932	-0.039551	0.017109	-0.012321	-0.013929	0.017231
-0.023478	0.004681	-0.0011144	0.0042119	0.00026955	-0.021185	0.020728	0.000872	-0.097837	-0.041285	-0.018733	0.0042438	0.013936	-0.03193	0.01103	-0.071202	0.0043185	-0.049435	0.46003	-0.053235	-0.05951	0.0053906	0.0040926	-0.043973	-0.0054687	-0.0013171	0.014479
-0.065516	0.0020834	0.0026271	-0.003385	0.0040755	-0.040198	-0.018108	0.0043463	-0.132	-0.055614	0.024581	0.0026483	0.0012164	0.020419	-0.01081	-0.0116	0.0073256	0.018924	-0.053235	0.44381	-0.046059	-0.0036279	0.003368	-0.085915	0.0075911	0.0040519	0.0084008
0.0086024	0.0022164	0.0021309	0.0036708	0.0085043	-0.012501	-0.033013	-0.0021161	-0.016208	-0.0064331	0.0091759	0.0046193	-0.01113	0.017372	-0.0094575	-0.0057179	0.0024358	-0.1546	-0.05951	-0.046059	0.5493	-0.0098317	-0.080644	-0.10565	-0.02604	-0.005279	0.0054504
-0.0092783	0.0084935	0.0047454	-0.023299	0.0017643	-0.0067379	0.0097501	0.0012269	0.0025877	-0.0014563	0.0071899	-0.0004154	0.00020173	-0.00034948	0.0071631	-0.0056707	-0.026522	-0.015932	0.0053906	-0.0036279	-0.0098317	0.26706	-0.061162	0.0033589	0.0047447	-0.077566	0.019578
0.016746	-0.0044443	0.0044545	0.0051885	-0.0058859	0.01727	-0.0085593	-0.0095424	-0.0017551	0.01046	-0.0088884	0.0064419	0.004693	0.0014302	0.0008883	0.0048905	-0.0031212	-0.039551	0.0040926	0.003368	-0.080644	-0.061162	0.38221	-0.050565	-0.091071	-0.04918	-0.0062556
-0.056395	0.01667	-0.00057633	0.0038133	-0.0049606	-0.037903	-0.016702	0.012279	-0.029605	0.0446	-0.0064808	-0.0053469	0.0089335	-0.022665	0.011305	-0.0019192	-0.0052212	0.017109	-0.043973	-0.085915	-0.10565	0.0033589	-0.050565	0.44943	-0.043922	0.014156	-0.039322
-0.082722	-0.042041	0.0018067	0.00094846	0.0032801	0.0065751	-0.0079394	0.015305	-0.0030342	0.0010029	0.0084759	-0.0025076	-0.0012718	-0.00091409	0.0033067	-0.0047653	0.0098978	-0.012321	-0.0054687	0.0075911	-0.02604	0.0047447	-0.091071	-0.043922	0.41809	-0.061339	-0.078361
-0.0018975	0.0045282	0.0030535	0.011034	0.007939	-0.0032364	0.012486	-0.0084501	0.0070902	-0.0061455	0.0048067	0.002014	-0.001261	0.001657	0.0024867	0.0047215	0.0052717	-0.013929	-0.0013171	0.0040519	-0.005279	-0.077566	-0.04918	0.014156	-0.061339	0.2421	-0.048327
-0.13129	-0.058606	-0.038017	0.00097529	-0.0078899	0.025163	-0.016415	0.011372	-0.0076215	0.0073204	-0.0075225	0.0029998	0.001309	-0.0063606	0.00047637	-0.0042133	-0.0063142	0.017231	0.014479	0.0084008	0.0054504	0.019578	-0.0062556	-0.039322	-0.078361	-0.048327	0.34266
