0.22329	0.003366	-0.028	-0.027191	-0.014286	-0.015735	0.003219	0.0051674	-0.00065347	0.01835	-0.011959	-0.0026335	0.00022633	-0.0038075	0.0030237	-0.0027826	9.5603e-05	0.0093884	-0.005281	0.0047815	-0.0094225	0.01102	0.0025505	0.0050254	0.0099756	0.013178	0.015683	-0.0050343	0.015598	-0.14241	-0.062829
0.003366	0.56466	-0.045813	-0.0072272	0.0079503	-0.013128	-0.23609	0.072521	-0.0033653	0.012646	-0.023696	0.018423	0.0084652	-0.0054675	0.010235	-0.036448	0.03139	-0.031483	0.0032042	0.012932	0.033973	-0.10435	-0.041151	0.0010665	0.0020772	-0.0018419	0.0049462	-0.069517	-0.0026872	-0.0020808	-0.14182
-0.028	-0.045813	0.42837	-0.043336	-0.017853	-0.054521	-0.09719	-0.045436	-0.0007553	0.0028416	0.01533	0.0051464	-0.0013701	0.0016172	-0.0030126	0.0055053	-0.000381	0.005524	-0.0069331	-0.00038231	-0.01571	0.019226	0.018763	0.0017732	0.0069924	0.012229	-0.036042	-0.014982	-0.0073098	0.0024169	-0.085637
-0.027191	-0.0072272	-0.043336	0.1764	-0.052755	-0.0002346	0.00010911	-0.0050687	-0.019518	-0.013148	0.00031519	0.001494	0.0041772	0.0049128	0.0011402	-0.0017144	0.00083263	-0.005006	3.1808e-05	0.0012458	0.0030453	0.0044339	-0.0062587	-0.00033097	0.0065873	0.0094454	0.0028676	0.00086662	0.0047188	-0.0011099	-0.0054422
-0.014286	0.0079503	-0.017853	-0.052755	0.21678	-0.050259	0.010766	0.0087262	-0.01038	-0.016097	0.0042624	-0.0006399	-0.00050338	-0.019375	0.0012101	0.0049368	0.0030185	0.0047462	0.00062061	-0.0044313	-0.00054744	-0.0078294	0.0082095	-0.0060585	-0.020235	-0.0013664	-0.0033559	0.0048406	0.0039523	0.027812	-0.011444
-0.015735	-0.013128	-0.054521	-0.0002346	-0.050259	0.3421	-0.055524	-0.083304	-0.050593	-0.039457	0.0099757	0.0058885	0.01139	0.0012003	0.0055588	-0.0063813	0.0018789	-0.011347	0.0018875	-0.00068461	0.0092261	0.018061	-0.0062292	-0.0017238	0.0036157	-0.010757	0.010785	-0.00037099	0.012024	0.0021899	-0.0035036
0.003219	-0.23609	-0.09719	0.00010911	0.010766	-0.055524	0.60328	-0.096094	0.0046754	0.03205	-0.14181	0.011897	0.026249	-0.00069612	-0.0099643	0.025584	-0.012256	0.042684	-0.0034547	0.010744	-0.043292	-0.084235	-0.018656	7.6447e-05	-0.0036531	0.0027874	0.011837	-0.022241	0.00044553	0.013884	0.047904
0.0051674	0.072521	-0.045436	-0.0050687	0.0087262	-0.083304	-0.096094	0.5596	-0.011549	-0.1633	-0.047014	-0.036558	-0.069272	0.026767	0.0077546	0.0011076	0.012125	-0.0073229	0.0014718	0.0046741	0.044727	-0.044391	-0.0077004	-0.0018294	-0.0010083	0.0033615	-0.10063	0.0065826	-0.0018581	0.0012653	-0.010349
-0.00065347	-0.0033653	-0.0007553	-0.019518	-0.01038	-0.050593	0.0046754	-0.011549	0.18665	-0.067595	0.0022968	0.0048958	0.0043316	-0.0069416	0.0025025	-0.0009684	0.00018295	0.0024844	0.00039599	-0.0047117	-0.0027728	-0.0010139	0.0047684	-0.0062534	-0.0028082	-0.0067374	0.0034805	0.0021329	-0.0043818	0.0065019	0.0079781
0.01835	0.012646	0.0028416	-0.013148	-0.016097	-0.039457	0.03205	-0.1633	-0.067595	0.65107	-0.10141	0.009721	-0.15545	-0.11465	-0.008844	0.012615	0.00089219	-0.0018916	0.0013746	-0.011285	0.026194	0.020553	-0.021497	0.00037379	-0.00056893	-0.0040176	0.0048	0.0085072	-0.00030935	1.7406e-05	-0.033165
-0.011959	-0.023696	0.01533	0.00031519	0.0042624	0.0099757	-0.14181	-0.047014	0.0022968	-0.10141	0.57321	-0.064473	-0.10739	0.01538	0.0027174	0.014436	-0.018168	0.063628	-0.0023419	-0.0059695	-0.1633	-0.12242	0.010174	0.0016842	-0.0002006	-0.0031809	0.097759	-0.0053348	0.0014894	-0.00060173	0.035765
-0.0026335	0.018423	0.0051464	0.001494	-0.0006399	0.0058885	0.011897	-0.036558	0.0048958	0.009721	-0.064473	0.75675	-0.23015	0.015581	0.012311	-0.07271	0.008174	-0.26984	0.029742	0.024196	-0.16438	-0.039081	0.032155	-0.0015917	-0.00060622	-0.0024414	-0.020288	0.00051659	-0.0032221	0.0030073	-0.005454
0.00022633	0.0084652	-0.0013701	0.0041772	-0.00050338	0.01139	0.026249	-0.069272	0.0043316	-0.15545	-0.10739	-0.23015	0.72167	-0.096285	-0.079594	-0.0057791	0.0013532	-0.030543	0.0031581	0.002829	0.0037293	0.01671	0.01146	0.0006838	0.0019547	0.0012176	-0.0005545	-0.00056992	-0.0003927	0.00080875	-0.0092497
-0.0038075	-0.0054675	0.0016172	0.0049128	-0.019375	0.0012003	-0.00069612	0.026767	-0.0069416	-0.11465	0.01538	0.015581	-0.096285	0.28351	-0.026051	-0.020337	0.010159	0.012693	-0.014458	-0.0036041	0.00089217	-0.0049181	0.0078447	-0.0026966	-0.0002286	-0.00077026	-0.0066842	-0.0001481	-0.0011675	0.00059671	0.015689
0.0030237	0.010235	-0.0030126	0.0011402	0.0012101	0.0055588	-0.0099643	0.0077546	0.0025025	-0.008844	0.0027174	0.012311	-0.079594	-0.026051	0.26114	-0.1565	-0.0016321	0.020107	-0.0015236	-0.0019625	0.0034161	0.0083015	0.0012775	0.0010817	0.0049531	-0.0029185	-0.0024174	-4.1436e-05	0.00058104	-0.0010391	-0.0042154
-0.0027826	-0.036448	0.0055053	-0.0017144	0.0049368	-0.0063813	0.025584	0.0011076	-0.0009684	0.012615	0.014436	-0.07271	-0.0057791	-0.020337	-0.1565	0.4219	-0.14523	-0.051083	0.0012224	0.012547	0.0071886	-0.011169	-0.004376	0.00053603	-0.0036399	0.0094079	0.0081339	-0.0051661	0.0037911	-0.00718	0.02325
9.5603e-05	0.03139	-0.000381	0.00083263	0.0030185	0.0018789	-0.012256	0.012125	0.00018295	0.00089219	-0.018168	0.008174	0.0013532	0.010159	-0.0016321	-0.14523	0.25751	-0.048415	-0.040847	-0.0040796	-0.0043275	0.0029978	0.015174	0.0017499	0.00454	-0.0037384	-0.0033038	0.0067401	-0.0033227	0.0078123	-0.027895
0.0093884	-0.031483	0.005524	-0.005006	0.0047462	-0.011347	0.042684	-0.0073229	0.0024844	-0.0018916	0.063628	-0.26984	-0.030543	0.012693	0.020107	-0.051083	-0.048415	0.73069	-0.086537	-0.15425	-0.13128	0.015119	-0.051433	-0.0013663	-0.0011567	0.02449	-0.025184	0.0048311	0.0074712	-0.014203	0.015036
-0.005281	0.0032042	-0.0069331	3.1808e-05	0.00062061	0.0018875	-0.0034547	0.0014718	0.00039599	0.0013746	-0.0023419	0.029742	0.0031581	-0.014458	-0.0015236	0.0012224	-0.040847	-0.086537	0.2466	-0.11995	0.011927	0.010858	0.038186	-0.018232	-0.0088549	-0.0032565	-0.0087415	0.0038466	0.0053998	0.0046364	0.0038142
0.0047815	0.012932	-0.00038231	0.0012458	-0.0044313	-0.00068461	0.010744	0.0046741	-0.0047117	-0.011285	-0.0059695	0.024196	0.002829	-0.0036041	-0.0019625	0.012547	-0.0040796	-0.15425	-0.11995	0.60586	-0.059294	0.014126	-0.21104	-0.028025	-0.0097563	-0.046594	0.023612	0.0096802	-0.016701	0.0067684	-0.016315
-0.0094225	0.033973	-0.01571	0.0030453	-0.00054744	0.0092261	-0.043292	0.044727	-0.0027728	0.026194	-0.1633	-0.16438	0.0037293	0.00089217	0.0034161	0.0071886	-0.0043275	-0.13128	0.011927	-0.059294	0.82465	-0.16063	-0.1657	0.0008335	-0.00026902	0.015039	-0.045396	-0.0078255	-0.0021298	0.0034686	0.019295
0.01102	-0.10435	0.019226	0.0044339	-0.0078294	0.018061	-0.084235	-0.044391	-0.0010139	0.020553	-0.12242	-0.039081	0.01671	-0.0049181	0.0083015	-0.011169	0.0029978	0.015119	0.010858	0.014126	-0.16063	0.58361	-0.055287	-0.00085134	-0.0031545	0.0063551	-0.055687	0.0076047	0.0023523	0.017746	-0.040615
0.0025505	-0.041151	0.018763	-0.0062587	0.0082095	-0.0062292	-0.018656	-0.0077004	0.0047684	-0.021497	0.010174	0.032155	0.01146	0.0078447	0.0012775	-0.004376	0.015174	-0.051433	0.038186	-0.21104	-0.1657	-0.055287	0.64608	-0.010364	0.0075502	-0.10986	-0.043338	-0.037113	-0.0072042	0.0033874	0.0199
0.0050254	0.0010665	0.0017732	-0.00033097	-0.0060585	-0.0017238	7.6447e-05	-0.0018294	-0.0062534	0.00037379	0.0016842	-0.0015917	0.0006838	-0.0026966	0.0010817	0.00053603	0.0017499	-0.0013663	-0.018232	-0.028025	0.0008335	-0.00085134	-0.010364	0.17674	-0.014952	-0.042752	0.0016859	-0.00085389	-0.021451	4.0081e-05	0.00029124
0.0099756	0.0020772	0.0069924	0.0065873	-0.020235	0.0036157	-0.0036531	-0.0010083	-0.0028082	-0.00056893	-0.0002006	-0.00060622	0.0019547	-0.0002286	0.0049531	-0.0036399	0.00454	-0.0011567	-0.0088549	-0.0097563	-0.00026902	-0.0031545	0.0075502	-0.014952	0.15363	-0.018647	-0.0015382	-0.0071298	-0.028283	-0.011806	-0.0017438
0.013178	-0.0018419	0.012229	0.0094454	-0.0013664	-0.010757	0.0027874	0.0033615	-0.0067374	-0.0040176	-0.0031809	-0.0024414	0.0012176	-0.00077026	-0.0029185	0.0094079	-0.0037384	0.02449	-0.0032565	-0.046594	0.015039	0.0063551	-0.10986	-0.042752	-0.018647	0.35046	-0.029561	-0.079208	-0.015151	-0.02356	-0.0083885
0.015683	0.0049462	-0.036042	0.0028676	-0.0033559	0.010785	0.011837	-0.10063	0.0034805	0.0048	0.097759	-0.020288	-0.0005545	-0.0066842	-0.0024174	0.0081339	-0.0033038	-0.025184	-0.0087415	0.023612	-0.045396	-0.055687	-0.043338	0.0016859	-0.0015382	-0.029561	0.32633	-0.042145	-0.0027225	0.016847	-0.081177
-0.0050343	-0.069517	-0.014982	0.00086662	0.0048406	-0.00037099	-0.022241	0.0065826	0.0021329	0.0085072	-0.0053348	0.00051659	-0.00056992	-0.0001481	-4.1436e-05	-0.0051661	0.0067401	0.0048311	0.0038466	0.0096802	-0.0078255	0.0076047	-0.037113	-0.00085389	-0.0071298	-0.079208	-0.042145	0.35255	-0.027129	-0.030544	-0.028934
0.015598	-0.0026872	-0.0073098	0.0047188	0.0039523	0.012024	0.00044553	-0.0018581	-0.0043818	-0.00030935	0.0014894	-0.0032221	-0.0003927	-0.0011675	0.00058104	0.0037911	-0.0033227	0.0074712	0.0053998	-0.016701	-0.0021298	0.0023523	-0.0072042	-0.021451	-0.028283	-0.015151	-0.0027225	-0.027129	0.1805	-0.041863	-0.0089705
-0.14241	-0.0020808	0.0024169	-0.0011099	0.027812	0.0021899	0.013884	0.0012653	0.0065019	1.7406e-05	-0.00060173	0.0030073	0.00080875	0.00059671	-0.0010391	-0.00718	0.0078123	-0.014203	0.0046364	0.0067684	0.0034686	0.017746	0.0033874	4.0081e-05	-0.011806	-0.02356	0.016847	-0.030544	-0.041863	0.26839	-0.09564
-0.062829	-0.14182	-0.085637	-0.0054422	-0.011444	-0.0035036	0.047904	-0.010349	0.0079781	-0.033165	0.035765	-0.005454	-0.0092497	0.015689	-0.0042154	0.02325	-0.027895	0.015036	0.0038142	-0.016315	0.019295	-0.040615	0.0199	0.00029124	-0.0017438	-0.0083885	-0.081177	-0.028934	-0.0089705	-0.09564	0.51684
