0.24564	-0.013922	-0.045138	-0.06527	-0.0030128	-0.018314	0.0046301	0.0033542	-0.00059935	0.0012574	-0.0074663	0.0096126	0.0036842	-0.0065839	0.0050466	-0.0044831	4.0612e-05	0.0020454	-0.0044167	0.0032648	0.0047989	-0.0068606	0.0015651	0.017622	0.013606	0.0079264	0.00060337	-0.011713	-0.11036
-0.013922	0.67368	-0.13873	-0.0065695	-0.004144	-0.025193	-0.12895	0.0079254	0.010228	0.010739	-0.0078737	-0.0060784	-0.021827	0.0082265	0.0055259	0.0010424	-0.0038374	0.011965	-0.019863	0.025734	-0.02683	0.038688	0.0029066	0.0029833	-0.021616	-0.17618	-0.12369	-0.010501	-0.037193
-0.045138	-0.13873	0.58867	-0.040681	-0.0097523	-0.13288	-0.16001	-0.037147	-0.014793	0.0089924	0.0082517	0.0061369	0.017887	-0.020245	0.0058977	0.00018098	-0.00052075	-0.0089475	0.0064955	0.016192	0.015611	-0.035476	0.0014594	0.01959	-0.0016584	0.02923	-0.045116	0.0073175	-0.0084126
-0.06527	-0.0065695	-0.040681	0.31715	-0.089577	-0.089938	0.013346	-0.0038487	-0.035964	-0.0080027	0.011494	0.00019069	0.0048773	0.01536	-0.0036284	-0.0038052	0.015488	-0.0031706	-0.0048988	-0.0081021	-0.0013381	0.0099691	-0.0068271	0.014458	0.0093682	-0.0065408	-0.0018319	0.024958	-0.0075848
-0.0030128	-0.004144	-0.0097523	-0.089577	0.40254	-0.081723	0.018671	-0.0063549	-0.094104	-0.005782	-0.0016058	-0.0079926	-0.0066205	-0.0009242	0.0074846	0.0085658	-0.0045258	0.006781	0.012776	0.013704	0.0070173	0.010027	0.0029134	-0.051561	0.0066868	0.00063637	-0.0053103	0.039068	0.0077305
-0.018314	-0.025193	-0.13288	-0.089938	-0.081723	0.66767	-0.037469	-0.14241	-0.066969	-0.046566	-0.01057	-0.0029482	-0.026087	0.0080038	0.016147	0.0049936	-0.015892	0.016942	-0.002412	0.0013539	0.03003	0.024375	0.0033245	0.0020528	-0.026061	-0.0036782	0.0027563	0.0031075	0.021443
0.0046301	-0.12895	-0.16001	0.013346	0.018671	-0.037469	0.78868	-0.16396	-0.016509	-0.038196	-0.035977	0.008184	0.043002	0.0085359	-0.008082	0.0063532	0.0010115	-0.015987	0.020235	-0.018692	-0.1469	0.0032494	-0.0038231	0.0035055	0.0055332	-0.13959	0.0041126	0.0072585	0.0042425
0.0033542	0.0079254	-0.037147	-0.0038487	-0.0063549	-0.14241	-0.16396	0.89086	-0.037943	-0.15779	-0.21484	0.01697	-0.06123	0.0031661	0.018691	0.0026479	0.018847	-0.0030257	0.0076991	-0.020105	-0.076042	-0.015323	0.0036519	0.0070248	-0.019373	0.025687	0.0056819	-0.0015515	0.0027203
-0.00059935	0.010228	-0.014793	-0.035964	-0.094104	-0.066969	-0.016509	-0.037943	0.56955	-0.13979	-0.0044288	0.0094369	-0.016303	-0.057112	0.012118	0.0052259	0.0068667	0.0077854	0.0061238	0.009159	-0.0043747	-0.011847	-0.017762	0.004002	-0.0073116	0.0023042	0.014458	-0.00090215	0.0064413
0.0012574	0.010739	0.0089924	-0.0080027	-0.005782	-0.046566	-0.038196	-0.15779	-0.13979	0.85882	-0.074822	-0.0051187	-0.13081	-0.11068	-0.027164	0.0007256	0.026106	0.015485	-0.030521	-0.014186	-0.0050039	-0.020638	-0.007885	0.018641	0.017356	0.015985	-0.0070548	-0.0024089	0.0037849
-0.0074663	-0.0078737	0.0082517	0.011494	-0.0016058	-0.01057	-0.035977	-0.21484	-0.0044288	-0.074822	0.99072	-0.14749	-0.18747	-0.0034767	0.0096402	0.004694	-0.018946	0.020845	-0.0080113	-0.13603	-0.16871	0.0052287	0.0051989	-0.0062605	0.015307	-0.0070386	0.004881	-0.0077777	0.010336
0.0096126	-0.0060784	0.0061369	0.00019069	-0.0079926	-0.0029482	0.008184	0.01697	0.0094369	-0.0051187	-0.14749	0.6093	-0.14068	0.01154	-0.014094	-0.030134	-0.11442	0.0096864	-0.021755	-0.13483	-0.041	0.020728	0.016905	-0.02114	0.0076165	0.020973	-0.025559	0.016561	-0.010315
0.0036842	-0.021827	0.017887	0.0048773	-0.0066205	-0.026087	0.043002	-0.06123	-0.016303	-0.13081	-0.18747	-0.14068	0.79073	-0.085264	-0.10573	-0.0025471	-0.084455	0.026024	0.01083	-0.0017107	0.036394	0.0053337	0.011926	-0.0098623	0.030579	-0.037886	0.012921	-0.011771	0.00066484
-0.0065839	0.0082265	-0.020245	0.01536	-0.0009242	0.0080038	0.0085359	0.0031661	-0.057112	-0.11068	-0.0034767	0.01154	-0.085264	0.51395	-0.12816	0.0059121	0.017886	0.0022041	0.0021058	0.0054936	-3.9367e-05	-0.0071902	-0.0037306	0.026167	-0.0015298	0.0043051	0.0039611	-0.0041484	0.010587
0.0050466	0.0055259	0.0058977	-0.0036284	0.0074846	0.016147	-0.008082	0.018691	0.012118	-0.027164	0.0096402	-0.014094	-0.10573	-0.12816	0.36065	-0.091773	-0.014346	0.0053972	0.008519	0.00075355	0.0054212	0.0083919	0.0053966	-6.5822e-05	-0.0021055	0.0090417	-0.0027225	0.0070697	-0.0063413
-0.0044831	0.0010424	0.00018098	-0.0038052	0.0085658	0.0049936	0.0063532	0.0026479	0.0052259	0.0007256	0.004694	-0.030134	-0.0025471	0.0059121	-0.091773	0.36481	-0.06241	-0.15816	-0.024416	-0.0055967	0.0098729	0.012379	0.010505	0.026952	0.0082541	-0.004217	0.0067306	-0.0085504	0.0063943
4.0612e-05	-0.0038374	-0.00052075	0.015488	-0.0045258	-0.015892	0.0010115	0.018847	0.0068667	0.026106	-0.018946	-0.11442	-0.084455	0.017886	-0.014346	-0.06241	0.60518	-0.098101	-0.099581	-0.1005	0.020645	-0.030587	-0.0017063	0.0034075	-0.013726	0.0089972	-0.008458	0.008062	-0.0023515
0.0020454	0.011965	-0.0089475	-0.0031706	0.006781	0.016942	-0.015987	-0.0030257	0.0077854	0.015485	0.020845	0.0096864	0.026024	0.0022041	0.0053972	-0.15816	-0.098101	0.60784	-0.21064	0.0043998	-0.0099242	0.026156	-0.047338	-0.035809	0.0283	0.0093298	-0.0064935	0.019192	-0.005708
-0.0044167	-0.019863	0.0064955	-0.0048988	0.012776	-0.002412	0.020235	0.0076991	0.0061238	-0.030521	-0.0080113	-0.021755	0.01083	0.0021058	0.008519	-0.024416	-0.099581	-0.21064	1.001	-0.10839	0.013256	-0.2827	-0.11839	-0.024208	-0.068807	0.019174	0.013064	0.0043888	0.012774
0.0032648	0.025734	0.016192	-0.0081021	0.013704	0.0013539	-0.018692	-0.020105	0.009159	-0.014186	-0.13603	-0.13483	-0.0017107	0.0054936	0.00075355	-0.0055967	-0.1005	0.0043998	-0.10839	0.89436	-0.16784	-0.14306	-0.0021462	0.025968	-0.015851	-0.079781	0.007317	0.0015518	-0.0032475
0.0047989	-0.02683	0.015611	-0.0013381	0.0070173	0.03003	-0.1469	-0.076042	-0.0043747	-0.0050039	-0.16871	-0.041	0.036394	-3.9367e-05	0.0054212	0.0098729	0.020645	-0.0099242	0.013256	-0.16784	0.77285	-0.067806	-0.0064083	0.0077694	0.02091	-0.20159	0.01897	0.0031454	-0.003448
-0.0068606	0.038688	-0.035476	0.0099691	0.010027	0.024375	0.0032494	-0.015323	-0.011847	-0.020638	0.0052287	0.020728	0.0053337	-0.0071902	0.0083919	0.012379	-0.030587	0.026156	-0.2827	-0.14306	-0.067806	0.94589	-0.056365	0.025083	-0.21008	-0.1841	-0.015801	0.0014177	0.0092927
0.0015651	0.0029066	0.0014594	-0.0068271	0.0029134	0.0033245	-0.0038231	0.0036519	-0.017762	-0.007885	0.0051989	0.016905	0.011926	-0.0037306	0.0053966	0.010505	-0.0017063	-0.047338	-0.11839	-0.0021462	-0.0064083	-0.056365	0.49413	-0.077636	-0.07692	0.0017671	0.012136	-0.046007	0.0044601
0.017622	0.0029833	0.01959	0.014458	-0.051561	0.0020528	0.0035055	0.0070248	0.004002	0.018641	-0.0062605	-0.02114	-0.0098623	0.026167	-6.5822e-05	0.026952	0.0034075	-0.035809	-0.024208	0.025968	0.0077694	0.025083	-0.077636	0.42539	-0.078639	0.0098719	-0.027668	-0.11187	-0.013443
0.013606	-0.021616	-0.0016584	0.0093682	0.0066868	-0.026061	0.0055332	-0.019373	-0.0073116	0.017356	0.015307	0.0076165	0.030579	-0.0015298	-0.0021055	0.0082541	-0.013726	0.0283	-0.068807	-0.015851	0.02091	-0.21008	-0.07692	-0.078639	0.7755	-0.048027	-0.10878	-0.14853	-0.011755
0.0079264	-0.17618	0.02923	-0.0065408	0.00063637	-0.0036782	-0.13959	0.025687	0.0023042	0.015985	-0.0070386	0.020973	-0.037886	0.0043051	0.0090417	-0.004217	0.0089972	0.0093298	0.019174	-0.079781	-0.20159	-0.1841	0.0017671	0.0098719	-0.048027	0.86605	-0.11537	0.0052847	0.0058684
0.00060337	-0.12369	-0.045116	-0.0018319	-0.0053103	0.0027563	0.0041126	0.0056819	0.014458	-0.0070548	0.004881	-0.025559	0.012921	0.0039611	-0.0027225	0.0067306	-0.008458	-0.0064935	0.013064	0.007317	0.01897	-0.015801	0.012136	-0.027668	-0.10878	-0.11537	0.49795	-0.044508	-0.043761
-0.011713	-0.010501	0.0073175	0.024958	0.039068	0.0031075	0.0072585	-0.0015515	-0.00090215	-0.0024089	-0.0077777	0.016561	-0.011771	-0.0041484	0.0070697	-0.0085504	0.008062	0.019192	0.0043888	0.0015518	0.0031454	0.0014177	-0.046007	-0.11187	-0.14853	0.0052847	-0.044508	0.39389	-0.066151
-0.11036	-0.037193	-0.0084126	-0.0075848	0.0077305	0.021443	0.0042425	0.0027203	0.0064413	0.0037849	0.010336	-0.010315	0.00066484	0.010587	-0.0063413	0.0063943	-0.0023515	-0.005708	0.012774	-0.0032475	-0.003448	0.0092927	0.0044601	-0.013443	-0.011755	0.0058684	-0.043761	-0.066151	0.26022
