0.11315	-0.0092542	0.031567	-0.035037	-0.0009361	0.00076772	-0.016861	-0.002227	0.0038585	0.0032116	-0.00079911	-0.0065543	-0.0013211	0.00034823	-0.0013953	0.0041789	0.00087801	-0.0011332	0.00065286	-0.0023069	0.0015306	0.0033642	0.0056409	0.0030412	0.010562	-0.015545	-0.0011924	-0.049472	-0.030294
-0.0092542	0.61798	-0.076152	0.00099974	-0.0081507	-0.0021719	-0.13226	0.024027	-0.0029661	0.022206	0.018426	0.00083713	0.0091069	-0.0092548	0.012964	0.0029335	0.015982	-0.030493	0.010808	-0.024287	-0.086689	-0.0072367	-0.0029113	-0.0063264	-0.10443	-0.059438	-0.010617	-0.003242	-0.13266
0.031567	-0.076152	0.31704	-0.033729	-0.00024779	-0.04508	-0.087045	-0.043797	-0.013722	0.032544	0.0047301	-0.0036084	0.0013057	0.0016552	-0.0086121	0.0036199	0.0042105	0.011107	-0.0058158	-0.0041566	-0.0051296	0.015375	0.011031	0.0077544	0.01527	-0.036338	0.0047233	-0.019545	-0.050508
-0.035037	0.00099974	-0.033729	0.28336	-0.082864	-0.059665	0.00955	-0.01676	-0.018625	-0.0018707	0.0013324	0.012539	0.0010119	0.0033493	-0.002608	0.00028682	-0.0070287	0.006189	-0.0028565	-0.0061682	0.0014462	0.0078659	0.0083221	0.0052476	-0.0047001	0.0033519	0.013119	-0.0014473	-0.025593
-0.0009361	-0.0081507	-0.00024779	-0.082864	0.25227	-0.0047684	-0.021158	0.02103	-0.041882	0.0042166	-0.0015167	-0.00070716	-0.024181	0.014882	0.0064513	-0.0035545	0.011869	2.1789e-05	9.2009e-05	-0.006964	0.0036082	-0.006514	-0.022563	-0.0035474	0.0065659	0.010773	0.007709	0.0087743	0.0058381
0.00076772	-0.0021719	-0.04508	-0.059665	-0.0047684	0.2518	-0.0028074	-0.029306	-0.017449	-0.019687	0.0095655	-0.014461	-0.0040311	0.0013099	-8.4361e-05	0.00311	0.0027437	-0.0013017	0.0031169	-0.0085059	0.0076772	-0.0022043	-0.0029225	-0.0069431	-0.0086437	0.0018032	0.00013656	0.00073803	-0.0044825
-0.016861	-0.13226	-0.087045	0.00955	-0.021158	-0.0028074	0.37783	-0.017882	0.035705	-0.098273	-0.024558	-0.048342	0.0073144	0.0016957	0.018222	-0.0076419	0.022971	-0.012776	0.019997	0.011357	-0.061344	-0.02731	-0.013838	-0.0095636	0.032084	0.010196	0.0017738	0.011662	0.021151
-0.002227	0.024027	-0.043797	-0.01676	0.02103	-0.029306	-0.017882	0.33722	-0.11187	-0.10493	-0.0019309	0.056793	-0.021044	0.0087893	-0.012735	0.0050329	-0.046424	0.024123	-0.025075	0.10621	-0.015369	-0.00022021	0.0095505	-0.00051127	-0.098176	0.025	-0.0085725	0.0021804	-0.0020013
0.0038585	-0.0029661	-0.013722	-0.018625	-0.041882	-0.017449	0.035705	-0.11187	0.54942	-0.042383	0.0040217	-0.13871	-0.084634	-0.0042707	-0.0065597	0.017957	0.020076	-0.011744	-0.02457	-0.023286	0.01399	0.001693	-0.0019879	-0.0056952	-0.021842	0.0045441	0.0068661	6.3535e-05	-0.0038895
0.0032116	0.022206	0.032544	-0.0018707	0.0042166	-0.019687	-0.098273	-0.10493	-0.042383	0.86017	-0.14655	-0.20936	-0.0063529	0.026264	-0.0035634	0.0080219	-0.015376	-0.012881	0.043169	-0.16997	-0.10086	0.014409	-0.0028325	-0.0012757	-0.038224	-0.00032	-0.0033366	-0.0033932	-0.0055952
-0.00079911	0.018426	0.0047301	0.0013324	-0.0015167	0.0095655	-0.024558	-0.0019309	0.0040217	-0.14655	0.5628	-0.11912	0.008841	-0.021329	0.0041781	-0.031653	-0.1449	-0.0010318	0.0244	-0.053806	-0.027234	-0.0067347	-0.006516	0.0034344	-0.017898	0.0084289	0.0004369	-0.00016129	-0.0038023
-0.0065543	0.00083713	-0.0036084	0.012539	-0.00070716	-0.014461	-0.048342	0.056793	-0.13871	-0.20936	-0.11912	0.68804	-0.083602	-0.11196	0.021732	-0.016651	-0.022991	0.012501	0.0086307	-0.056432	0.0040236	0.0081964	-0.001319	-0.0018094	0.059774	-0.0084265	-0.0066213	0.0043304	0.0046645
-0.0013211	0.0091069	0.0013057	0.0010119	-0.024181	-0.0040311	0.0073144	-0.021044	-0.084634	-0.0063529	0.008841	-0.083602	0.45893	-0.1512	0.0075543	-0.00010662	-0.005253	0.030614	-0.010849	0.013353	-0.0018042	0.00869	0.0094504	0.0027567	-0.0059015	-0.001319	-0.0026782	0.0009537	0.0059774
0.00034823	-0.0092548	0.0016552	0.0033493	0.014882	0.0013099	0.0016957	0.0087893	-0.0042707	0.026264	-0.021329	-0.11196	-0.1512	0.39667	-0.14679	-0.013867	-0.0022803	0.0013887	0.0084069	0.0078831	0.024168	-0.0011053	-0.00050812	9.1483e-05	-0.0082099	0.0027886	0.0010616	-5.1296e-05	0.0016322
-0.0013953	0.012964	-0.0086121	-0.002608	0.0064513	-8.4361e-05	0.018222	-0.012735	-0.0065597	-0.0035634	0.0041781	0.021732	0.0075543	-0.14679	0.28744	-0.045416	-0.051194	-0.022429	-0.011226	0.012003	-0.020494	0.014335	0.0046833	0.00058251	-0.011989	0.0033306	-0.0040966	0.0025258	-0.0010316
0.0041789	0.0029335	0.0036199	0.00028682	-0.0035545	0.00311	-0.0076419	0.0050329	0.017957	0.0080219	-0.031653	-0.016651	-0.00010662	-0.013867	-0.045416	0.18081	-0.030666	-0.049906	-0.00084887	-0.015421	-0.0088694	0.0026245	0.0025796	0.0058232	0.023078	-0.0047105	0.004168	-0.0050458	-0.0042705
0.00087801	0.015982	0.0042105	-0.0070287	0.011869	0.0027437	0.022971	-0.046424	0.020076	-0.015376	-0.1449	-0.022991	-0.005253	-0.0022803	-0.051194	-0.030666	0.62785	-0.090028	-0.13386	-0.031478	0.0043119	-0.049623	0.0078109	-0.0056674	-0.027261	0.0077876	-0.00038231	0.00068698	-0.0034914
-0.0011332	-0.030493	0.011107	0.006189	2.1789e-05	-0.0013017	-0.012776	0.024123	-0.011744	-0.012881	-0.0010318	0.012501	0.030614	0.0013887	-0.022429	-0.049906	-0.090028	0.30194	-0.081787	0.011112	0.013213	-0.017569	-0.011941	-0.0070161	0.033127	-0.0046391	0.015796	-0.00072421	0.0023788
0.00065286	0.010808	-0.0058158	-0.0028565	9.2009e-05	0.0031169	0.019997	-0.025075	-0.02457	0.043169	0.0244	0.0086307	-0.010849	0.0084069	-0.011226	-0.00084887	-0.13386	-0.081787	0.51874	-0.098659	0.014271	-0.075263	-0.027259	-0.033048	-0.037425	0.010329	-0.021195	0.0015627	0.00055684
-0.0023069	-0.024287	-0.0041566	-0.0061682	-0.006964	-0.0085059	0.011357	0.10621	-0.023286	-0.16997	-0.053806	-0.056432	0.013353	0.0078831	0.012003	-0.015421	-0.031478	0.011112	-0.098659	0.54244	-0.081033	-0.05724	-0.0016025	-0.011605	-0.027694	-0.0077387	0.0063345	0.002333	0.002192
0.0015306	-0.086689	-0.0051296	0.0014462	0.0036082	0.0076772	-0.061344	-0.015369	0.01399	-0.10086	-0.027234	0.0040236	-0.0018042	0.024168	-0.020494	-0.0088694	0.0043119	0.013213	0.014271	-0.081033	0.44142	-0.039123	-0.00019261	-0.003391	-0.045691	0.022078	-0.0012024	-0.00074149	0.016463
0.0033642	-0.0072367	0.015375	0.0078659	-0.006514	-0.0022043	-0.02731	-0.00022021	0.001693	0.014409	-0.0067347	0.0081964	0.00869	-0.0011053	0.014335	0.0026245	-0.049623	-0.017569	-0.075263	-0.05724	-0.039123	0.38983	0.0078772	0.0039232	-0.11527	-0.027672	-0.005166	-0.0066117	0.007911
0.0056409	-0.0029113	0.011031	0.0083221	-0.022563	-0.0029225	-0.013838	0.0095505	-0.0019879	-0.0028325	-0.006516	-0.001319	0.0094504	-0.00050812	0.0046833	0.0025796	0.0078109	-0.011941	-0.027259	-0.0016025	-0.00019261	0.0078772	0.24004	-0.02321	-0.00070401	-0.010349	-0.064548	-0.0055336	0.0030453
0.0030412	-0.0063264	0.0077544	0.0052476	-0.0035474	-0.0069431	-0.0095636	-0.00051127	-0.0056952	-0.0012757	0.0034344	-0.0018094	0.0027567	9.1483e-05	0.00058251	0.0058232	-0.0056674	-0.0070161	-0.033048	-0.011605	-0.003391	0.0039232	-0.02321	0.30275	-0.041682	-0.075837	-0.043783	-0.0056033	0.0058961
0.010562	-0.10443	0.01527	-0.0047001	0.0065659	-0.0086437	0.032084	-0.098176	-0.021842	-0.038224	-0.017898	0.059774	-0.0059015	-0.0082099	-0.011989	0.023078	-0.027261	0.033127	-0.037425	-0.027694	-0.045691	-0.11527	-0.00070401	-0.041682	0.62713	-0.11658	-0.0057179	-0.0037263	-0.027528
-0.015545	-0.059438	-0.036338	0.0033519	0.010773	0.0018032	0.010196	0.025	0.0045441	-0.00032	0.0084289	-0.0084265	-0.001319	0.0027886	0.0033306	-0.0047105	0.0077876	-0.0046391	0.010329	-0.0077387	0.022078	-0.027672	-0.010349	-0.075837	-0.11658	0.3406	-0.019753	0.027996	-0.061874
-0.0011924	-0.010617	0.0047233	0.013119	0.007709	0.00013656	0.0017738	-0.0085725	0.0068661	-0.0033366	0.0004369	-0.0066213	-0.0026782	0.0010616	-0.0040966	0.004168	-0.00038231	0.015796	-0.021195	0.0063345	-0.0012024	-0.005166	-0.064548	-0.043783	-0.0057179	-0.019753	0.23887	-0.022294	-0.022498
-0.049472	-0.003242	-0.019545	-0.0014473	0.0087743	0.00073803	0.011662	0.0021804	6.3535e-05	-0.0033932	-0.00016129	0.0043304	0.0009537	-5.1296e-05	0.0025258	-0.0050458	0.00068698	-0.00072421	0.0015627	0.002333	-0.00074149	-0.0066117	-0.0055336	-0.0056033	-0.0037263	0.027996	-0.022294	0.12531	-0.041661
-0.030294	-0.13266	-0.050508	-0.025593	0.0058381	-0.0044825	0.021151	-0.0020013	-0.0038895	-0.0055952	-0.0038023	0.0046645	0.0059774	0.0016322	-0.0010316	-0.0042705	-0.0034914	0.0023788	0.00055684	0.002192	0.016463	0.007911	0.0030453	0.0058961	-0.027528	-0.061874	-0.022498	-0.041661	0.36551
