0.25999	0.046009	-0.042866	-0.053242	0.010861	0.0052833	-0.0072385	0.014533	0.013691	-0.0095696	-0.0078334	-0.0045058	0.0076332	-0.027749	0.015379	0.0070776	-0.0017186	-0.0066041	0.0052898	0.0028354	0.011908	0.020704	-0.013869	0.0009352	-0.0030994	-0.092067	-0.10854
0.046009	0.95276	-0.10363	-0.0069416	0.043616	-0.31274	0.062732	-0.074932	0.039387	-0.0056661	0.023343	0.0045797	-0.0030241	0.038827	-0.028727	-0.060553	0.027853	-0.013009	0.073618	-0.034232	0.018526	0.017417	-0.16972	-0.11025	-0.0026947	0.016499	-0.41223
-0.042866	-0.10363	0.57024	-0.055337	-0.12713	-0.16661	-0.016351	0.031868	0.0066248	-0.037852	0.00021497	-0.0056403	0.0021701	-0.021904	0.015734	0.05465	-0.02147	-0.01365	-0.017129	0.073145	0.012356	0.040221	-0.042788	-0.020533	-0.013914	0.0049648	-0.071051
-0.053242	-0.0069416	-0.055337	0.35214	-0.1876	0.0020183	0.027995	-0.036827	0.0032849	-0.0036638	0.028108	-0.0056699	-0.0046747	0.0077171	-0.0040621	-0.0095374	0.01121	-0.0050611	0.0043894	-0.0037735	-0.0042052	-0.0030746	0.010907	0.0034104	0.041548	0.0052184	-0.018104
0.010861	0.043616	-0.12713	-0.1876	0.64398	-0.050144	-0.1924	-0.085201	0.035067	0.003715	-0.00021773	-0.0028953	0.025447	-0.0071744	-0.010044	0.01806	-0.00046357	0.0062532	-0.024434	0.0053725	-0.0105	-0.039291	0.019128	-0.0034946	0.022991	0.015082	-0.041896
0.0052833	-0.31274	-0.16661	0.0020183	-0.050144	0.95451	-0.20883	0.053416	-0.076043	0.037249	-0.0031405	0.0056648	-0.023496	0.0091222	0.010184	-0.081595	0.017758	-0.0029593	0.12525	-0.29429	0.0083073	0.0011161	-0.066704	0.041441	-0.011386	0.0058823	0.048473
-0.0072385	0.062732	-0.016351	0.027995	-0.1924	-0.20883	0.75539	-0.20114	-0.29667	0.033756	0.0097782	0.026606	0.025998	-0.016406	0.0047183	0.029258	-0.010492	-0.0071306	0.016675	0.020747	-0.02164	0.0084468	-0.0167	-0.00092753	-0.0030212	0.00085337	0.0039293
0.014533	-0.074932	0.031868	-0.036827	-0.085201	0.053416	-0.20114	0.74197	-0.10871	0.039994	-0.17966	-0.17217	0.020581	0.019586	-0.013248	-0.031318	0.024963	-0.013483	0.019514	0.0055404	-0.01615	0.011605	0.053587	-0.00075382	-0.014743	0.00063272	0.010579
0.013691	0.039387	0.0066248	0.0032849	0.035067	-0.076043	-0.29667	-0.10871	1.2247	-0.22235	-0.26878	0.044152	0.011563	0.038734	-0.018966	0.037187	0.012091	0.020142	-0.20063	-0.27384	0.00010028	-0.037623	0.087421	-0.0038688	0.015236	-0.00061947	-0.041446
-0.0095696	-0.0056661	-0.037852	-0.0036638	0.003715	0.037249	0.033756	0.039994	-0.22235	0.60297	-0.1433	0.028179	0.01811	-0.12922	0.035982	-0.16303	0.0071263	0.026459	-0.12335	-0.0068386	0.033416	0.038307	-0.013976	-0.040496	-0.022502	-0.0048182	0.066754
-0.0078334	0.023343	0.00021497	0.028108	-0.00021773	-0.0031405	0.0097782	-0.17966	-0.26878	-0.1433	0.76617	-0.13429	-0.13238	-0.0020134	0.025579	-0.043071	0.014824	-0.0050531	-0.006173	0.08224	0.040665	-0.013013	-0.057781	0.020628	0.018694	0.0088126	-0.020824
-0.0045058	0.0045797	-0.0056403	-0.0056699	-0.0028953	0.0056648	0.026606	-0.17217	0.044152	0.028179	-0.13429	0.49334	-0.13962	0.026798	0.019029	0.021705	-0.024796	0.001196	0.0050945	-0.02036	0.0094387	0.015328	-0.0034432	-0.010701	-0.001772	0.0056999	0.01798
0.0076332	-0.0030241	0.0021701	-0.0046747	0.025447	-0.023496	0.025998	0.020581	0.011563	0.01811	-0.13238	-0.13962	0.4987	-0.20867	-0.061381	-0.0083673	0.017727	0.015375	0.042191	0.001442	-0.02995	-0.0059373	0.0096746	0.0035929	0.00035621	-0.0067101	-0.002129
-0.027749	0.038827	-0.021904	0.0077171	-0.0071744	0.0091222	-0.016406	0.019586	0.038734	-0.12922	-0.0020134	0.026798	-0.20867	0.60506	-0.27657	0.069366	0.023263	-0.039096	-0.05446	0.038916	0.047925	0.0020301	-0.091974	0.022625	-0.0062964	0.0007395	0.024249
0.015379	-0.028727	0.015734	-0.0040621	-0.010044	0.010184	0.0047183	-0.013248	-0.018966	0.035982	0.025579	0.019029	-0.061381	-0.27657	0.55096	-0.16479	-0.10618	0.036103	0.039978	-0.030817	-0.0084908	0.0047226	0.069221	-0.013251	-0.000205	-0.0041502	-0.013644
0.0070776	-0.060553	0.05465	-0.0095374	0.01806	-0.081595	0.029258	-0.031318	0.037187	-0.16303	-0.043071	0.021705	-0.0083673	0.069366	-0.16479	0.78246	-0.09389	-0.1798	-0.3082	0.067291	-0.025061	-0.0052916	0.11773	-0.0057167	0.010663	0.005692	-0.030552
-0.0017186	0.027853	-0.02147	0.01121	-0.00046357	0.017758	-0.010492	0.024963	0.012091	0.0071263	0.014824	-0.024796	0.017727	0.023263	-0.10618	-0.09389	0.39082	-0.12227	0.018081	-0.0049372	0.016217	0.0031526	-0.032758	0.00046076	0.0048076	-0.0060106	0.016127
-0.0066041	-0.013009	-0.01365	-0.0050611	0.0062532	-0.0029593	-0.0071306	-0.013483	0.020142	0.026459	-0.0050531	0.001196	0.015375	-0.039096	0.036103	-0.1798	-0.12227	0.61006	-0.043796	0.037184	-0.14935	-0.039096	-0.047269	0.020832	-0.041216	-0.00088901	0.045497
0.0052898	0.073618	-0.017129	0.0043894	-0.024434	0.12525	0.016675	0.019514	-0.20063	-0.12335	-0.006173	0.0050945	0.042191	-0.05446	0.039978	-0.3082	0.018081	-0.043796	1.1644	-0.32254	-0.26169	0.0036595	-0.1382	0.054282	0.027659	0.0017847	-0.068361
0.0028354	-0.034232	0.073145	-0.0037735	0.0053725	-0.29429	0.020747	0.0055404	-0.27384	-0.0068386	0.08224	-0.02036	0.001442	0.038916	-0.030817	0.067291	-0.0049372	0.037184	-0.32254	0.83818	-0.00041396	0.0034988	-0.15101	0.012903	0.00022531	-4.7951e-05	-0.0048867
0.011908	0.018526	0.012356	-0.0042052	-0.0105	0.0083073	-0.02164	-0.01615	0.00010028	0.033416	0.040665	0.0094387	-0.02995	0.047925	-0.0084908	-0.025061	0.016217	-0.14935	-0.26169	-0.00041396	0.66894	-0.15448	-0.088452	-0.052413	0.015109	0.0016535	-0.015754
0.020704	0.017417	0.040221	-0.0030746	-0.039291	0.0011161	0.0084468	0.011605	-0.037623	0.038307	-0.013013	0.015328	-0.0059373	0.0020301	0.0047226	-0.0052916	0.0031526	-0.039096	0.0036595	0.0034988	-0.15448	0.4862	-0.02358	-0.075461	-0.13061	0.010719	-0.071306
-0.013869	-0.16972	-0.042788	0.010907	0.019128	-0.066704	-0.0167	0.053587	0.087421	-0.013976	-0.057781	-0.0034432	0.0096746	-0.091974	0.069221	0.11773	-0.032758	-0.047269	-0.1382	-0.15101	-0.088452	-0.02358	0.67906	-0.15225	0.012347	-0.004053	0.073315
0.0009352	-0.11025	-0.020533	0.0034104	-0.0034946	0.041441	-0.00092753	-0.00075382	-0.0038688	-0.040496	0.020628	-0.010701	0.0035929	0.022625	-0.013251	-0.0057167	0.00046076	0.020832	0.054282	0.012903	-0.052413	-0.075461	-0.15225	0.5182	-0.068928	-0.032118	-0.073746
-0.0030994	-0.0026947	-0.013914	0.041548	0.022991	-0.011386	-0.0030212	-0.014743	0.015236	-0.022502	0.018694	-0.001772	0.00035621	-0.0062964	-0.000205	0.010663	0.0048076	-0.041216	0.027659	0.00022531	0.015109	-0.13061	0.012347	-0.068928	0.28456	-0.043579	0.015017
-0.092067	0.016499	0.0049648	0.0052184	0.015082	0.0058823	0.00085337	0.00063272	-0.00061947	-0.0048182	0.0088126	0.0056999	-0.0067101	0.0007395	-0.0041502	0.005692	-0.0060106	-0.00088901	0.0017847	-4.7951e-05	0.0016535	0.010719	-0.004053	-0.032118	-0.043579	0.22804	-0.082493
-0.10854	-0.41223	-0.071051	-0.018104	-0.041896	0.048473	0.0039293	0.010579	-0.041446	0.066754	-0.020824	0.01798	-0.002129	0.024249	-0.013644	-0.030552	0.016127	0.045497	-0.068361	-0.0048867	-0.015754	-0.071306	0.073315	-0.073746	0.015017	-0.082493	0.80561
